1% 1
     2301.950000    7.587109E-03
     2302.000000    7.410002E-03
     2302.050000    7.722009E-03
     2302.100000    8.762693E-03
     2302.150000    1.093988E-02
     2302.200000    1.539405E-02
     2302.250000    2.482101E-02
     2302.300000    3.759937E-02
     2302.350000    3.442669E-02
     2302.400000    2.888987E-02
     2302.450000    3.035914E-02
     2302.500000    4.145899E-02
     2302.550000    7.024255E-02
     2302.600000    1.317737E-01
     2302.650000    1.774789E-01
     2302.700000    1.171384E-01
     2302.750000    6.284707E-02
     2302.800000    3.641563E-02
     2302.850000    2.334619E-02
     2302.900000    1.657416E-02
     2302.950000    1.262877E-02
     2303.000000    1.024775E-02
     2303.050000    8.796761E-03
     2303.100000    7.987700E-03
     2303.150000    7.681432E-03
     2303.200000    7.839480E-03
     2303.250000    8.845742E-03
     2303.300000    1.104859E-02
0.01 1 
     2301.950000    7.569699E-05
     2302.000000    7.392737E-05
     2302.050000    7.703081E-05
     2302.100000    8.741479E-05
     2302.150000    1.091537E-04
     2302.200000    1.536714E-04
     2302.250000    2.480872E-04
     2302.300000    3.764596E-04
     2302.350000    3.442735E-04
     2302.400000    2.885216E-04
     2302.450000    3.030245E-04
     2302.500000    4.138945E-04
     2302.550000    7.018846E-04
     2302.600000    1.319196E-03
     2302.650000    1.779103E-03
     2302.700000    1.172162E-03
     2302.750000    6.279550E-04
     2302.800000    3.635657E-04
     2302.850000    2.329802E-04
     2302.900000    1.653701E-04
     2302.950000    1.259856E-04
     2303.000000    1.022241E-04
     2303.050000    8.774529E-05
     2303.100000    7.967563E-05
     2303.150000    7.662576E-05
     2303.200000    7.820670E-05
     2303.250000    8.827748E-05
     2303.300000    1.103707E-04
0.02 1
     2301.950000    1.513975E-04
     2302.000000    1.478583E-04
     2302.050000    1.540655E-04
     2302.100000    1.748338E-04
     2302.150000    2.183124E-04
     2302.200000    3.073483E-04
     2302.250000    4.961767E-04
     2302.300000    7.529094E-04
     2302.350000    6.885470E-04
     2302.400000    5.770505E-04
     2302.450000    6.060604E-04
     2302.500000    8.278031E-04
     2302.550000    1.403780E-03
     2302.600000    2.638363E-03
     2302.650000    3.558117E-03
     2302.700000    2.344309E-03
     2302.750000    1.255920E-03
     2302.800000    7.271431E-04
     2302.850000    4.659701E-04
     2302.900000    3.307477E-04
     2302.950000    2.519772E-04
     2303.000000    2.044532E-04
     2303.050000    1.754951E-04
     2303.100000    1.593554E-04
     2303.150000    1.532553E-04
     2303.200000    1.564173E-04
     2303.250000    1.765586E-04
     2303.300000    2.207437E-04
0.3 1
     2301.950000    2.272442E-03
     2302.000000    2.219340E-03
     2302.050000    2.312589E-03
     2302.100000    2.624308E-03
     2302.150000    3.276769E-03
     2302.200000    4.612508E-03
     2302.250000    7.443698E-03
     2302.300000    1.128968E-02
     2302.350000    1.032814E-02
     2302.400000    8.658962E-03
     2302.450000    9.095724E-03
     2302.500000    1.242295E-02
     2302.550000    2.106131E-02
     2302.600000    3.956306E-02
     2302.650000    5.333512E-02
     2302.700000    3.515802E-02
     2302.750000    1.884319E-02
     2302.800000    1.091216E-02
     2302.850000    6.993641E-03
     2302.900000    4.964369E-03
     2302.950000    3.782222E-03
     2303.000000    3.068949E-03
     2303.050000    2.634311E-03
     2303.100000    2.392040E-03
     2303.150000    2.300430E-03
     2303.200000    2.347856E-03
     2303.250000    2.649908E-03
     2303.300000    3.312134E-03
0.03 1
     2301.950000    2.271016E-04
     2302.000000    2.217927E-04
     2302.050000    2.311040E-04
     2302.100000    2.622572E-04
     2302.150000    3.274759E-04
     2302.200000    4.610305E-04
     2302.250000    7.442689E-04
     2302.300000    1.129350E-03
     2302.350000    1.032820E-03
     2302.400000    8.655871E-04
     2302.450000    9.091081E-04
     2302.500000    1.241726E-03
     2302.550000    2.105687E-03
     2302.600000    3.957502E-03
     2302.650000    5.337046E-03
     2302.700000    3.516438E-03
     2302.750000    1.883896E-03
     2302.800000    1.090733E-03
     2302.850000    6.989699E-04
     2302.900000    4.961330E-04
     2302.950000    3.779750E-04
     2303.000000    3.066875E-04
     2303.050000    2.632494E-04
     2303.100000    2.390393E-04
     2303.150000    2.298888E-04
     2303.200000    2.346316E-04
     2303.250000    2.648434E-04
     2303.300000    3.311189E-04
0.05 1 
     2301.950000    3.785203E-04
     2302.000000    3.696720E-04
     2302.050000    3.851925E-04
     2302.100000    4.371169E-04
     2302.150000    5.458181E-04
     2302.200000    7.684117E-04
     2302.250000    1.240461E-03
     2302.300000    1.882203E-03
     2302.350000    1.721367E-03
     2302.400000    1.442684E-03
     2302.450000    1.515238E-03
     2302.500000    2.069613E-03
     2302.550000    3.509533E-03
     2302.600000    6.595690E-03
     2302.650000    8.894638E-03
     2302.700000    5.860652E-03
     2302.750000    3.139878E-03
     2302.800000    1.817948E-03
     2302.850000    1.164999E-03
     2302.900000    8.269260E-04
     2302.950000    6.299888E-04
     2303.000000    5.111716E-04
     2303.050000    4.387715E-04
     2303.100000    3.984191E-04
     2303.150000    3.831670E-04
     2303.200000    3.910717E-04
     2303.250000    4.414239E-04
     2303.300000    5.518766E-04
0.1 1
     2301.950000    7.571285E-04
     2302.000000    7.394311E-04
     2302.050000    7.704808E-04
     2302.100000    8.743413E-04
     2302.150000    1.091761E-03
     2302.200000    1.536959E-03
     2302.250000    2.480984E-03
     2302.300000    3.764169E-03
     2302.350000    3.442729E-03
     2302.400000    2.885559E-03
     2302.450000    3.030762E-03
     2302.500000    4.139578E-03
     2302.550000    7.019339E-03
     2302.600000    1.319064E-02
     2302.650000    1.778709E-02
     2302.700000    1.172091E-02
     2302.750000    6.280019E-03
     2302.800000    3.636193E-03
     2302.850000    2.330240E-03
     2302.900000    1.654039E-03
     2302.950000    1.260130E-03
     2303.000000    1.022471E-03
     2303.050000    8.776553E-04
     2303.100000    7.969399E-04
     2303.150000    7.664294E-04
     2303.200000    7.822380E-04
     2303.250000    8.829387E-04
     2303.300000    1.103811E-03
0.2 1
     2301.950000    1.514608E-03
     2302.000000    1.479212E-03
     2302.050000    1.541344E-03
     2302.100000    1.749110E-03
     2302.150000    2.184017E-03
     2302.200000    3.074462E-03
     2302.250000    4.962219E-03
     2302.300000    7.527397E-03
     2302.350000    6.885444E-03
     2302.400000    5.771880E-03
     2302.450000    6.062668E-03
     2302.500000    8.280560E-03
     2302.550000    1.403977E-02
     2302.600000    2.637833E-02
     2302.650000    3.556548E-02
     2302.700000    2.344026E-02
     2302.750000    1.256108E-02
     2302.800000    7.273579E-03
     2302.850000    4.661453E-03
     2302.900000    3.308829E-03
     2302.950000    2.520872E-03
     2303.000000    2.045455E-03
     2303.050000    1.755759E-03
     2303.100000    1.594286E-03
     2303.150000    1.533239E-03
     2303.200000    1.564857E-03
     2303.250000    1.766241E-03
     2303.300000    2.207856E-03
0.5 1
     2301.950000    3.789159E-03
     2302.000000    3.700643E-03
     2302.050000    3.856228E-03
     2302.100000    4.375987E-03
     2302.150000    5.463753E-03
     2302.200000    7.690228E-03
     2302.250000    1.240741E-02
     2302.300000    1.881143E-02
     2302.350000    1.721351E-02
     2302.400000    1.443542E-02
     2302.450000    1.516527E-02
     2302.500000    2.071194E-02
     2302.550000    3.510766E-02
     2302.600000    6.592369E-02
     2302.650000    8.884824E-02
     2302.700000    5.858885E-02
     2302.750000    3.141053E-02
     2302.800000    1.819292E-02
     2302.850000    1.166093E-02
     2302.900000    8.277701E-03
     2302.950000    6.306758E-03
     2303.000000    5.117474E-03
     2303.050000    4.392765E-03
     2303.100000    3.988769E-03
     2303.150000    3.835956E-03
     2303.200000    3.914992E-03
     2303.250000    4.418329E-03
     2303.300000    5.521385E-03
2 1
     2301.950000    1.520938E-02
     2302.000000    1.485488E-02
     2302.050000    1.548223E-02
     2302.100000    1.756821E-02
     2302.150000    2.192918E-02
     2302.200000    3.084236E-02
     2302.250000    4.966659E-02
     2302.300000    7.510531E-02
     2302.350000    6.885209E-02
     2302.400000    5.785568E-02
     2302.450000    6.083255E-02
     2302.500000    8.305804E-02
     2302.550000    1.405936E-01
     2302.600000    2.632524E-01
     2302.650000    3.540910E-01
     2302.700000    2.341190E-01
     2302.750000    1.257977E-01
     2302.800000    7.295030E-02
     2302.850000    4.678956E-02
     2302.900000    3.322331E-02
     2302.950000    2.531850E-02
     2303.000000    2.054669E-02
     2303.050000    1.763842E-02
     2303.100000    1.601606E-02
     2303.150000    1.540094E-02
     2303.200000    1.571692E-02
     2303.250000    1.772783E-02
     2303.300000    2.212049E-02
3 1
     2301.950000    2.286675E-02
     2302.000000    2.233460E-02
     2302.050000    2.328063E-02
     2302.100000    2.641651E-02
     2302.150000    3.296781E-02
     2302.200000    4.634469E-02
     2302.250000    7.453648E-02
     2302.300000    1.125188E-01
     2302.350000    1.032760E-01
     2302.400000    8.689720E-02
     2302.450000    9.141974E-02
     2302.500000    1.247964E-01
     2302.550000    2.110514E-01
     2302.600000    3.944362E-01
     2302.650000    5.298426E-01
     2302.700000    3.509406E-01
     2302.750000    1.888505E-01
     2302.800000    1.096034E-01
     2302.850000    7.032982E-02
     2302.900000    4.994733E-02
     2302.950000    3.806915E-02
     2303.000000    3.089674E-02
     2303.050000    2.652497E-02
     2303.100000    2.408507E-02
     2303.150000    2.315852E-02
     2303.200000    2.363227E-02
     2303.250000    2.664614E-02
     2303.300000    3.321572E-02
5 1
     2301.950000    3.828681E-02
     2302.000000    3.739856E-02
     2302.050000    3.899181E-02
     2302.100000    4.424125E-02
     2302.150000    5.519272E-02
     2302.200000    7.751053E-02
     2302.250000    1.243481E-01
     2302.300000    1.870728E-01
     2302.350000    1.721193E-01
     2302.400000    1.452061E-01
     2302.450000    1.529341E-01
     2302.500000    2.086881E-01
     2302.550000    3.522815E-01
     2302.600000    6.559189E-01
     2302.650000    8.787912E-01
     2302.700000    5.841014E-01
     2302.750000    3.152585E-01
     2302.800000    1.832623E-01
     2302.850000    1.177000E-01
     2302.900000    8.361960E-02
     2302.950000    6.375290E-02
     2303.000000    5.175013E-02
     2303.050000    4.443254E-02
     2303.100000    4.034493E-02
     2303.150000    3.878775E-02
     2303.200000    3.957659E-02
     2303.250000    4.459137E-02
     2303.300000    5.547639E-02
1 10
     2301.950000    2.941667E-02
     2302.000000    2.998394E-02
     2302.050000    3.060378E-02
     2302.100000    3.127795E-02
     2302.150000    3.199587E-02
     2302.200000    3.274599E-02
     2302.250000    3.351295E-02
     2302.300000    3.427380E-02
     2302.350000    3.501372E-02
     2302.400000    3.570392E-02
     2302.450000    3.631807E-02
     2302.500000    3.683069E-02
     2302.550000    3.721739E-02
     2302.600000    3.746496E-02
     2302.650000    3.756197E-02
     2302.700000    3.750882E-02
     2302.750000    3.731583E-02
     2302.800000    3.700406E-02
     2302.850000    3.659641E-02
     2302.900000    3.612391E-02
     2302.950000    3.561735E-02
     2303.000000    3.510549E-02
     2303.050000    3.461575E-02
     2303.100000    3.416312E-02
     2303.150000    3.376461E-02
     2303.200000    3.342914E-02
     2303.250000    3.316084E-02
     2303.300000    3.296015E-02
1 5
     2301.950000    2.293247E-02
     2302.000000    2.364305E-02
     2302.050000    2.464384E-02
     2302.100000    2.596710E-02
     2302.150000    2.761042E-02
     2302.200000    2.955331E-02
     2302.250000    3.175792E-02
     2302.300000    3.416882E-02
     2302.350000    3.677395E-02
     2302.400000    3.952513E-02
     2302.450000    4.234193E-02
     2302.500000    4.503986E-02
     2302.550000    4.729026E-02
     2302.600000    4.871264E-02
     2302.650000    4.894924E-02
     2302.700000    4.788132E-02
     2302.750000    4.568702E-02
     2302.800000    4.277376E-02
     2302.850000    3.955402E-02
     2302.900000    3.640410E-02
     2302.950000    3.355913E-02
     2303.000000    3.113885E-02
     2303.050000    2.919188E-02
     2303.100000    2.769385E-02
     2303.150000    2.662774E-02
     2303.200000    2.595598E-02
     2303.250000    2.563649E-02
     2303.300000    2.562262E-02
1 3
     2301.950000    1.740170E-02
     2302.000000    1.775653E-02
     2302.050000    1.868571E-02
     2302.100000    2.025913E-02
     2302.150000    2.253005E-02
     2302.200000    2.548510E-02
     2302.250000    2.894113E-02
     2302.300000    3.254813E-02
     2302.350000    3.621012E-02
     2302.400000    4.034021E-02
     2302.450000    4.568643E-02
     2302.500000    5.263736E-02
     2302.550000    6.046636E-02
     2302.600000    6.697027E-02
     2302.650000    6.895269E-02
     2302.700000    6.500060E-02
     2302.750000    5.693596E-02
     2302.800000    4.786133E-02
     2302.850000    3.969829E-02
     2302.900000    3.317586E-02
     2302.950000    2.825331E-02
     2303.000000    2.466125E-02
     2303.050000    2.213492E-02
     2303.100000    2.043634E-02
     2303.150000    1.943222E-02
     2303.200000    1.902674E-02
     2303.250000    1.915268E-02
     2303.300000    1.974754E-02
1 2
     2301.950000    1.323034E-02
     2302.000000    1.325947E-02
     2302.050000    1.399094E-02
     2302.100000    1.553288E-02
     2302.150000    1.811263E-02
     2302.200000    2.200258E-02
     2302.250000    2.706711E-02
     2302.300000    3.186909E-02
     2302.350000    3.491369E-02
     2302.400000    3.770828E-02
     2302.450000    4.328616E-02
     2302.500000    5.391235E-02
     2302.550000    7.031720E-02
     2302.600000    8.856066E-02
     2302.650000    9.594438E-02
     2302.700000    8.465356E-02
     2302.750000    6.496280E-02
     2302.800000    4.782775E-02
     2302.850000    3.562971E-02
     2302.900000    2.752260E-02
     2302.950000    2.217411E-02
     2303.000000    1.863430E-02
     2303.050000    1.632985E-02
     2303.100000    1.490025E-02
     2303.150000    1.417487E-02
     2303.200000    1.408078E-02
     2303.250000    1.460647E-02
     2303.300000    1.566139E-02
1 0.5
     2301.950000    4.118941E-03
     2302.000000    4.146534E-03
     2302.050000    4.023441E-03
     2302.100000    4.569706E-03
     2302.150000    5.867008E-03
     2302.200000    9.009242E-03
     2302.250000    1.930530E-02
     2302.300000    5.736453E-02
     2302.350000    3.176974E-02
     2302.400000    2.044233E-02
     2302.450000    1.742293E-02
     2302.500000    2.423754E-02
     2302.550000    4.865202E-02
     2302.600000    1.495795E-01
     2302.650000    3.300443E-01
     2302.700000    1.125808E-01
     2302.750000    4.602449E-02
     2302.800000    2.192611E-02
     2302.850000    1.292494E-02
     2302.900000    9.128530E-03
     2302.950000    6.646577E-03
     2303.000000    5.345083E-03
     2303.050000    4.514430E-03
     2303.100000    4.118899E-03
     2303.150000    4.115944E-03
     2303.200000    4.125465E-03
     2303.250000    5.035652E-03
     2303.300000    9.042842E-03
1 0.3
     2301.950000    2.576779E-03
     2302.000000    2.867786E-03
     2302.050000    2.451142E-03
     2302.100000    2.784949E-03
     2302.150000    3.590855E-03
     2302.200000    5.655271E-03
     2302.250000    1.373589E-02
     2302.300000    8.119291E-02
     2302.350000    2.490137E-02
     2302.400000    1.738309E-02
     2302.450000    1.091401E-02
     2302.500000    1.514413E-02
     2302.550000    3.206644E-02
     2302.600000    1.353232E-01
     2302.650000    5.194421E-01
     2302.700000    8.530677E-02
     2302.750000    3.706088E-02
     2302.800000    1.407293E-02
     2302.850000    8.009835E-03
     2302.900000    6.035540E-03
     2302.950000    4.071015E-03
     2303.000000    3.318661E-03
     2303.050000    2.736458E-03
     2303.100000    2.504940E-03
     2303.150000    2.751364E-03
     2303.200000    2.520943E-03
     2303.250000    3.173800E-03
     2303.300000    7.622934E-03
1 0.1
     2301.950000    9.027396E-04
     2302.000000    1.369829E-03
     2302.050000    8.394244E-04
     2302.100000    9.693631E-04
     2302.150000    1.231226E-03
     2302.200000    1.963058E-03
     2302.250000    6.040046E-03
     2302.300000    1.073807E-01
     2302.350000    1.011573E-02
     2302.400000    1.846158E-02
     2302.450000    3.791892E-03
     2302.500000    5.241873E-03
     2302.550000    1.144376E-02
     2302.600000    6.952289E-02
     2302.650000        1.442456
     2302.700000    3.402648E-02
     2302.750000    4.180345E-02
     2302.800000    5.144473E-03
     2302.850000    2.768352E-03
     2302.900000    3.011039E-03
     2302.950000    1.416073E-03
     2303.000000    1.237548E-03
     2303.050000    9.381868E-04
     2303.100000    8.557500E-04
     2303.150000    1.953960E-03
     2303.200000    8.631880E-04
     2303.250000    1.109525E-03
     2303.300000    3.569361E-03
