-16 22
-14 22
-14 22
-16 22
-17 21
-18 24
-13 26
-16 22
-17 23
-14 21
-14 24
-12 23
-17 23
-15 25
-18 22
-12 25
-19 24
-19 23
-16 25
-16 25
-17 24
-15 22
-21 23
-19 26
-14 22
-15 23
-20 24
-17 22
-20 25
-15 24
-14 24
-19 24
-17 24
-13 22
-16 23
-17 25
-16 24
-17 25
-16 22
-15 23
-13 23
-17 23
-17 24
-16 22
-14 24
-16 21
-16 22
-15 21
-17 22
-15 25
-12 24
-14 24
-18 21
-21 22
-15 25
-22 23
-16 23
-16 23
-19 22
-18 23
-15 21
-14 23
-17 23
-16 24
-16 22
-20 24
-14 23
-17 20
-14 23
-15 23
-19 22
-20 21
-14 22
-18 23
-17 23
-17 23
-15 22
-13 25
-16 25
-17 23
-14 23
-16 22
-18 24
-13 22
-15 23
-16 22
-14 23
-18 23
-16 23
-17 25
-15 24
-17 22
-18 25
-17 22
-18 23
-21 21
-15 26
-18 21
-15 22
-14 20
-14 23
-19 23
-17 24
-13 25
-18 24
-17 22
-18 24
-18 23
-14 21
-19 21
-14 23
-17 22
-21 24
-17 24
-16 20
-18 23
-19 21
-16 24
-19 21
-15 22
-13 23
-14 23
-15 20
-16 23
-21 23
-19 21
-17 24
-13 21
-17 22
-14 21
-20 24
-17 23
-15 24
-15 24
-14 21
-17 23
-20 23
-13 24
-18 22
-17 23
-15 23
-14 22
-10 23
-17 22
-16 21
-16 22
-15 21
-15 23
-16 25
-16 23
-13 22
-13 22
-19 21
-13 22
-17 23
-18 23
-19 23
-16 21
-20 20
-15 21
-12 20
-16 21
-19 20
-16 23
-16 23
-15 22
-20 22
-14 22
-16 24
-18 21
-14 23
-15 19
-15 25
-14 19
-16 23
-15 22
-14 21
-14 22
-19 22
-18 22
-15 21
-14 24
-18 22
-17 19
-18 23
-12 21
-17 20
-16 23
-18 22
-13 21
-16 23
-11 21
-18 22
-17 22
-18 23
-17 20
-14 22
-14 20
-18 21
-16 23
-18 20
-13 19
-18 20
-21 21
-16 22
-19 21
-17 23
-16 20
-16 19
-17 21
-19 23
-19 21
-13 21
-14 22
-14 23
-17 21
-12 23
-14 20
-12 21
-18 22
-14 22
-14 21
-11 21
-19 23
-11 24
-14 20
-17 22
-17 20
-17 19
-18 22
-16 20
-14 19
-15 21
-14 21
-19 22
-15 22
-17 22
-17 20
-17 22
-14 23
-18 22
-15 22
-16 20
-16 21
-14 23
-18 19
-17 21
-18 22
-14 22
-15 24
-17 21
-15 19
-13 19
-13 20
-15 22
-12 22
-19 22
-13 22
-16 21
-20 19
-19 20
-18 19
-15 21
-15 21
-14 23
-17 21
-18 22
-16 19
-13 22
-15 21
-17 20
-17 22
-15 21
-14 21
-17 21
-15 20
-16 20
-17 21
-16 21
-14 20
-16 21
-20 21
-13 19
-13 23
-16 22
-15 22
-17 22
-18 22
-17 20
-20 21
-17 20
-16 21
-17 21
-17 18
-18 20
-16 19
-16 20
-14 20
-16 22
-15 22
-18 22
-17 23
-17 21
-17 21
-19 21
-17 21
-18 21
-20 19
-19 21
-16 19
-17 21
-18 20
-14 20
-17 23
-17 23
-14 22
-15 21
-16 21
-14 24
-14 21
-18 23
-19 17
-16 21
-16 19
-19 19
-18 20
-15 21
-16 20
-16 19
-11 21
-18 21
-22 22
-15 22
-13 20
-12 23
-14 21
-15 18
-14 22
-16 20
-16 18
-12 23
-14 20
-16 22
-17 19
-16 21
-16 21
-17 19
-15 23
-18 18
-17 20
-13 22
-12 21
-13 21
-16 19
-17 20
-17 21
-17 18
-14 21
-16 23
-20 19
-18 23
-16 21
-15 18
-18 20
-19 18
-15 20
-17 19
-16 19
-13 19
-15 19
-17 18
-17 22
-18 19
-15 21
-15 21
-15 21
-14 18
-17 19
-17 22
-15 22
-18 22
-16 18
-14 20
-14 21
-17 20
-13 21
-15 17
-16 20
-16 20
-15 18
-16 21
-18 19
-13 20
-15 19
-14 21
-16 20
-17 17
-18 21
-16 20
-15 20
-16 18
-13 19
-17 19
-16 20
-9 22
-12 18
-16 21
-14 18
-17 21
-13 21
-14 21
-16 20
-16 19
-18 19
-13 19
-17 19
-16 22
-14 18
-17 18
-15 18
-14 18
-16 18
-20 21
-20 20
-17 19
-14 21
-16 19
-19 18
-16 19
-16 21
-22 21
-15 19
-16 18
-17 18
-15 17
-14 24
-21 17
-18 19
-17 18
-15 20
-18 19
-17 20
-16 20
-18 20
-15 21
-16 21
-17 17
-17 19
-19 19
-17 20
-19 21
-15 21
-14 19
-23 16
-18 19
-16 19
-15 17
-18 19
-19 18
-14 20
-17 18
-19 18
-17 20
-15 19
-10 18
-15 17
-14 20
-17 18
-18 19
-18 18
-17 19
-13 18
-14 19
-16 19
-16 19
-16 21
-14 21
-16 19
-16 20
-16 18
-21 20
-15 20
-16 17
-16 17
-19 19
-14 18
-16 18
-11 21
-18 20
-14 22
-14 19
-15 20
-17 21
-19 19
-15 18
-16 18
-20 20
-17 20
-16 19
-15 20
-17 20
-21 21
-18 20
-14 20
-17 19
-15 18
-15 17
-14 19
-18 20
-16 20
-21 15
-17 20
-17 18
-17 19
-17 17
-18 17
-18 17
-18 18
-17 16
-20 21
-17 18
-16 21
-17 18
-19 17
-12 19
-19 19
-15 18
-20 20
-19 21
-17 19
-16 22
-16 16
-17 18
-15 17
-15 18
-14 19
-17 18
-14 19
-15 17
-15 18
-16 19
-19 20
-13 19
-17 19
-18 18
-15 18
-15 17
-17 20
-17 20
-14 20
-14 19
-18 17
-18 19
-16 17
-16 16
-16 17
-13 20
-16 20
-14 17
-18 18
-17 17
-17 19
-12 16
-14 19
-17 20
-18 16
-14 21
-17 16
-20 16
-17 17
-16 22
-14 17
-15 20
-14 17
-17 19
-16 16
-15 21
-13 19
-14 21
-18 16
-19 19
-18 17
-15 17
-15 17
-14 19
-15 17
-17 20
-17 20
-15 17
-21 18
-17 20
-16 18
-14 18
-16 17
-14 16
-14 18
-16 18
-18 19
-16 19
-14 20
-19 17
-18 17
-14 19
-20 17
-18 20
-16 18
-19 17
-17 18
-19 18
-16 17
-14 15
-18 16
-16 20
-17 17
-12 18
-15 18
-14 19
-15 17
-18 17
-18 16
-16 17
-12 17
-13 17
-16 20
-15 17
-22 19
-19 17
-16 18
-15 18
-20 19
-15 18
-15 18
-17 19
-15 20
-14 17
-16 16
-15 15
-17 18
-13 19
-12 17
-12 16
-14 18
-18 19
-17 17
-13 18
-23 19
-18 16
-12 19
-16 15
-19 18
-16 17
-18 20
-16 18
-16 18
-15 15
-12 18
-14 17
-15 18
-17 15
-16 18
-18 18
-17 18
-16 17
-11 17
-14 18
-17 17
-15 18
-14 18
-14 17
-15 17
-15 17
-16 19
-14 20
-14 17
-16 18
-15 20
-15 22
-16 17
-16 18
-14 20
-18 18
-13 18
-14 18
-13 19
-17 15
-14 17
-16 19
-18 17
-17 17
-12 18
-16 18
-11 16
-16 17
-16 18
-14 19
-15 19
-15 15
-13 16
-13 16
-16 17
-11 19
-15 16
-15 20
-17 20
-13 19
-16 17
-16 18
-15 16
-17 16
-15 18
-15 18
-18 19
-18 17
-14 17
-14 18
-14 19
-20 19
-17 19
-17 19
-12 18
-13 17
-13 18
-15 17
-17 17
-17 16
-15 16
-12 16
-17 15
-16 18
-17 17
-12 19
-17 20
-13 18
-11 19
-11 19
-16 17
-16 17
-14 19
-12 19
-12 19
-14 19
-16 16
-18 16
-15 18
-17 16
-14 18
-18 18
-14 17
-17 18
-13 16
-15 18
-15 16
-15 17
-15 18
-15 19
-16 18
-15 18
-18 17
-14 17
-19 19
-17 18
-15 17
-17 16
-18 18
-17 20
-16 16
-15 17
-15 19
-20 15
-13 18
-17 16
-15 19
-17 17
-17 17
-16 19
-17 17
-15 18
-11 15
-17 19
-19 17
-15 16
-16 17
-16 17
-17 18
-14 18
-15 20
-17 18
-18 15
-16 20
-16 18
-13 16
-18 18
-18 19
-18 19
-16 17
-18 18
-15 19
-19 17
-19 15
-15 16
-17 17
-18 19
-19 19
-17 21
-16 15
-14 16
-18 15
-19 18
-17 17
-18 17
-11 17
-15 16
-15 18
-19 17
-14 17
-14 17
-14 19
-17 19
-17 15
-17 18
-13 17
-13 20
-19 18
-18 16
-14 18
-13 16
-16 17
-15 16
-14 17
-18 17
-14 16
-18 18
-17 17
-15 17
-15 14
-13 20
-13 16
-20 17
-16 16
-18 15
-15 17
-14 18
-17 17
-13 17
-17 17
-18 18
-14 17
-14 17
-14 15
-18 15
-14 16
-14 17
-16 18
-12 17
-17 17
-19 19
-14 16
-20 19
-16 16
-17 18
-20 18
-15 17
-12 19
-16 15
-13 18
-13 20
-17 16
-16 17
-17 19
-15 19
-18 17
-9 17
-17 18
-17 18
-15 18
-21 15
-17 17
-17 16
-14 20
-16 16
-16 16
-15 18
-16 18
-13 19
-18 19
-15 18
-13 16
-18 19
-16 18
-20 16
-16 18
-14 15
-13 18
-13 16
-17 19
-13 18
-18 16
-17 18
-16 17
-14 18
-15 18
-17 19
-15 18
-17 17
-17 16
-16 18
-21 16
-11 20
-16 16
-15 18
-15 16
-18 18
-17 17
-16 19
-17 19
-16 18
-20 16
-17 18
-16 20
-14 18
-15 16
-15 18
-14 15
-13 19
-19 17
-15 16
-13 19
-20 19
-15 19
-17 17
-19 17
-14 17
-16 17
-16 18
-17 18
-15 20
-14 19
-23 16
-13 18
-17 17
-15 18
-13 19
-14 19
-20 18
-17 19
-18 17
-18 18
-16 15
-14 18
-20 16
-16 17
-14 18
-17 18
-18 19
-17 18
-15 19
-19 19
-17 18
-16 20
-19 17
-15 18
-15 15
-18 21
-19 17
-17 19
-16 13
-18 18
-17 18
-15 17
-14 18
-16 17
-14 17
-15 19
-12 17
-14 19
-14 18
-16 18
-19 18
-19 18
-17 18
-17 18
-14 20
-18 18
-16 19
-15 16
-12 17
-17 18
-14 16
-15 19
-12 18
-19 17
-16 19
-14 18
-13 20
-15 18
-18 13
-16 18
-17 18
-16 19
-17 15
-16 17
-12 17
-19 21
-14 18
-16 18
-14 18
-19 17
-17 19
-15 18
-16 20
-15 17
-13 19
-16 15
-18 18
-16 18
-15 15
-17 20
-20 20
-18 18
-15 20
-15 19
-16 17
-16 17
-18 18
-17 18
-15 20
-18 16
-15 17
-13 18
-17 19
-17 17
-17 17
-15 18
-18 18
-13 19
-14 18
-17 18
-15 19
-13 17
-16 17
-17 19
-15 15
-14 15
-17 21
-16 15
-19 21
-18 16
-18 20
-16 18
-19 17
-19 18
-16 18
-17 20
-14 15
-16 15
-17 16
-15 16
-14 17
-14 17
-18 18
-13 19
-20 18
-22 19
-16 20
-19 19
-20 19
-17 19
-19 18
-16 18
-13 18
-15 19
-15 20
-15 19
-19 13
-16 19
-14 17
-15 17
-21 17
-19 17
-17 17
-15 17
-16 18
-16 17
-17 19
-20 17
-18 18
-18 17
-15 16
-19 17
-14 18
-13 19
-16 17
-17 17
-21 18
-16 19
-17 17
-16 15
-13 18
-16 17
-16 17
-17 19
-14 14
-16 20
-18 19
-18 18
-16 19
-19 17
-16 16
-12 15
-15 16
-17 16
-17 19
-18 19
-18 18
-19 14
-15 17
-12 18
-18 18
-15 18
-18 19
-16 21
-17 18
-18 18
-18 14
-13 18
-12 16
-15 18
-17 17
-14 17
-16 17
-18 16
-17 19
-16 17
-14 16
-14 19
-18 20
-16 18
-18 19
-19 18
-14 18
-13 18
-18 21
-14 17
-19 18
-13 16
-19 17
-18 17
-15 18
-15 16
-16 19
-20 18
-17 16
-15 18
-16 20
-14 18
-17 19
-17 18
-17 19
-14 18
-20 20
-17 19
-17 17
-17 19
-19 18
-17 19
-17 19
-15 15
-13 20
-15 20
-16 18
-15 16
-17 18
-17 17
-16 19
-16 19
-15 19
-16 20
-15 17
-20 18
-15 17
-15 15
-16 20
-20 15
-15 20
-18 17
-15 18
-18 19
-17 16
-17 19
-18 16
-14 17
-13 19
-18 18
-16 18
-17 16
-17 18
-19 20
-18 18
-15 19
-14 19
-16 19
-16 13
-15 15
-16 17
-18 18
-19 19
-15 18
-17 20
-20 18
-17 19
-13 18
-15 19
-15 16
-18 18
-17 18
-17 17
-15 17
-13 18
-16 19
-18 18
-17 18
-14 18
-15 18
-18 18
-15 19
-19 19
-18 19
-18 20
-14 18
-14 19
-16 18
-14 19
-20 18
-15 20
-16 13
-19 18
-15 21
-16 16
-18 19
-17 19
-17 19
-17 18
-20 18
-16 16
-17 16
-16 18
-16 17
-16 17
-17 17
-15 17
-17 17
-17 17
-20 18
-19 18
-13 18
-16 21
-17 17
-17 18
-14 18
-18 18
-18 18
-18 20
-15 18
-12 18
-13 18
-19 17
-15 17
-13 18
-18 22
-15 18
-15 19
-17 17
-17 16
-17 15
-15 16
-15 20
-14 19
-12 19
-18 18
-16 19
-17 19
-13 18
-19 19
-17 19
-16 17
-16 18
-21 17
-14 17
-17 21
-15 16
-18 18
-21 19
-19 17
-16 19
-15 18
-18 19
-21 19
-19 18
-14 17
-16 18
-20 20
-15 19
-18 19
-14 16
-15 16
-17 19
-14 16
-17 18
-17 18
-14 19
-16 18
-16 18
-18 18
-18 18
-16 18
-19 15
-20 17
-15 16
-16 16
-18 18
-19 18
-16 17
-16 18
-17 19
-15 19
-18 16
-17 18
-14 19
-21 15
-17 19
-19 18
-20 17
-16 20
-18 16
-13 18
-19 19
-15 18
-15 19
-17 16
-16 20
-13 18
-19 18
-17 18
-17 19
-17 18
-18 17
-17 18
-14 17
-16 18
-14 21
-16 18
-18 20
-15 19
-16 20
-16 20
-19 13
-16 17
-15 18
-17 18
-15 18
-21 19
-17 17
-19 18
-18 17
-18 18
-16 17
-16 18
-15 18
-18 20
-17 15
-16 21
-18 18
-19 16
-16 17
-17 17
-18 21
-17 18
-12 16
-20 20
-16 17
-20 18
-16 18
-16 18
-17 16
-15 18
-13 18
-16 18
-14 16
-15 19
-16 19
-15 18
-16 18
-16 19
-18 19
-12 20
-18 16
-16 15
-14 19
-16 16
-14 20
-19 18
-13 18
-19 19
-13 18
-13 17
-17 18
-15 19
-13 17
-19 18
-17 17
-18 18
-19 17
-18 18
-18 18
-17 17
-16 18
-16 20
-19 18
-13 18
-17 15
-17 18
-14 18
-21 18
-17 17
-14 16
-20 20
-15 17
-16 19
-14 18
-17 15
-15 18
-16 18
-20 20
-12 18
-17 16
-17 16
-17 20
-18 18
-19 18
-16 19
-18 19
-15 17
-14 19
-19 18
-13 21
-17 17
-16 18
-21 17
-21 16
-21 18
-18 21
-16 19
-18 19
-16 15
-13 16
-16 19
-20 17
-16 19
-19 18
-21 16
-15 17
-14 16
-18 17
-19 17
-16 16
-18 18
-17 17
-24 18
-19 17
-18 18
-17 16
-17 15
-16 18
-16 17
-16 19
-14 19
-19 18
-13 17
-18 15
-19 20
-15 21
-17 18
-21 17
-17 19
-17 18
-14 18
-18 17
-17 18
-15 19
-21 18
-17 19
-18 18
-16 18
-17 18
-15 20
-20 17
-17 16
-18 19
-18 16
-15 16
-21 17
-16 20
-16 18
-14 17
-14 18
-18 17
-14 17
-18 18
-16 18
-19 19
-18 17
-21 18
-21 20
-16 17
-18 17
-15 16
-20 18
-19 18
-18 17
-18 17
-15 19
-21 20
-17 19
-16 17
-21 20
-19 19
-18 18
-15 19
-14 20
-18 18
-17 18
-19 18
-16 19
-16 17
-15 18
-19 16
-20 20
-17 20
-18 17
-17 18
-17 17
-13 17
-18 17
-21 18
-14 20
-19 19
-18 18
-20 19
-20 18
-18 19
-18 19
-18 18
-13 19
-13 17
-18 16
-17 16
-17 20
-18 18
-18 17
-16 19
-18 17
-21 18
-17 17
-19 16
-22 20
-16 18
-15 18
-18 17
-15 16
-16 16
-19 19
-14 18
-19 16
-20 19
-18 18
-16 19
-15 18
-17 18
-17 17
-15 15
-20 17
-16 18
-20 16
-21 17
-18 18
-21 16
-17 16
-16 20
-19 16
-19 19
-21 18
-14 19
-12 18
-16 17
-17 19
-16 19
-16 17
-21 20
-17 16
-19 17
-18 18
-16 19
-17 19
-17 19
-21 19
-18 17
-19 17
-17 18
-16 17
-18 17
-17 18
-18 18
-16 17
-19 17
-16 13
-17 15
-13 18
-19 16
-20 18
-17 16
-15 19
-16 19
-15 18
-19 20
-18 18
-15 20
-19 16
-17 18
-16 18
-20 18
-16 18
-18 16
-11 17
-18 18
-16 17
-16 19
-18 17
-17 18
-20 17
-14 18
-16 17
-17 16
-18 17
-16 17
-17 18
-19 16
-17 19
-19 19
-18 17
-16 15
-17 18
-18 18
-16 18
-18 19
-14 19
-16 17
-17 18
-21 17
-14 17
-16 17
-16 19
-18 17
-19 19
-16 20
-17 17
-19 16
-19 17
-17 17
-17 17
-17 18
-20 18
-15 17
-17 16
-18 16
-17 18
-19 16
-18 19
-18 18
-14 18
-15 15
-19 17
-16 16
-20 17
-19 16
-19 16
-18 16
-18 16
-16 17
-20 17
-18 18
-19 17
-17 18
-16 20
-17 18
-20 16
-16 15
-14 18
-17 16
-17 17
-19 18
-17 16
-16 17
-17 15
-20 15
-17 18
-19 17
-14 21
-17 19
-18 17
-16 19
-19 16
-19 21
-20 19
-20 19
-16 17
-19 17
-18 18
-19 14
-20 16
-18 17
-16 16
-21 17
-20 17
-14 16
-19 17
-17 18
-18 15
-19 17
-22 17
-18 16
-21 16
-17 17
-17 20
-18 16
-20 19
-20 17
-17 17
-20 17
-19 16
-17 17
-19 17
-18 16
-20 18
-19 15
-15 20
-19 16
-18 17
-20 17
-18 18
-21 18
-16 19
-20 17
-17 15
-21 16
-16 18
-16 17
-16 17
-19 18
-16 15
-16 15
-19 18
-23 17
-18 17
-18 18
-19 18
-18 19
-24 17
-15 16
-17 19
-22 17
-16 16
-17 18
-19 19
-19 14
-19 16
-12 16
-19 18
-18 18
-18 16
-20 17
-20 17
-19 16
-15 16
-15 17
-18 18
-20 17
-15 15
-17 16
-20 19
-20 15
-17 15
-17 18
-20 17
-20 14
-19 18
-16 15
-19 18
-21 19
-21 17
-18 17
-17 17
-20 16
-23 14
-19 15
-19 18
-13 18
-20 16
-17 15
-19 18
-21 16
-19 16
-21 18
-18 16
-19 17
-19 18
-20 17
-20 19
-17 17
-20 15
-17 16
-17 17
-21 16
-18 16
-19 17
-22 17
-18 17
-21 16
-20 18
-21 17
-21 16
-19 17
-21 16
-17 17
-23 15
-19 16
-19 16
-18 17
-21 19
-20 17
-20 18
-18 16
-19 14
-14 17
-20 19
-20 18
-20 15
-20 18
-19 17
-19 16
-19 18
-20 16
-21 15
-15 15
-19 16
-21 16
-18 16
-15 18
-16 15
-20 18
-20 14
-16 14
-22 17
-16 17
-18 16
-20 14
-16 17
-20 16
-17 17
-21 17
-20 17
-20 13
-16 17
-19 16
-18 17
-20 14
-20 17
-23 16
-18 16
-21 17
-20 16
-21 14
-20 15
-19 15
-20 17
-18 17
-17 16
-20 15
-16 13
-21 16
-19 16
-21 15
-18 16
-17 14
-20 13
-15 16
-16 16
-15 16
-20 16
-17 16
-18 14
-17 13
-19 12
-21 13
-19 16
-19 16
-20 17
-20 15
-20 17
-19 15
-22 15
-19 13
-19 16
-21 16
-21 14
-18 13
-18 17
-19 15
-20 12
-20 16
-21 16
-17 16
-16 16
-21 16
-20 16
-20 15
-21 16
-19 14
-17 16
-21 16
-15 16
-17 17
-19 13
-19 15
-24 16
-19 18
-16 14
-22 14
-19 14
-20 13
-17 17
-22 14
-17 15
-19 15
-18 16
-22 17
-20 14
-19 13
-19 16
-17 13
-15 17
-21 17
-17 15
-20 13
-21 14
-18 15
-22 14
-15 15
-15 15
-19 14
-18 14
-20 14
-20 15
-17 14
-20 15
-22 16
-17 14
-18 16
-20 15
-20 17
-21 14
-17 16
-19 13
-25 17
-22 16
-19 13
-17 17
-19 16
-17 13
-21 13
-22 14
-18 16
-18 13
-22 16
-17 13
-19 16
-22 16
-20 14
-24 16
-18 15
-17 14
-16 17
-19 14
-22 14
-17 13
-18 19
-20 14
-20 12
-18 14
-18 15
-20 13
-22 14
-17 15
-18 16
-20 15
-15 16
-18 14
-24 18
-24 12
-18 15
-19 16
-22 14
-22 13
-17 13
-16 13
-20 13
-22 18
-19 15
-21 14
-17 15
-19 14
-18 15
-21 13
-18 13
-17 16
-21 15
-16 18
-18 14
-27 15
-21 13
-18 16
-18 15
-16 14
-21 14
-18 15
-20 15
-21 17
-21 16
-17 15
-22 14
-20 15
-19 15
-18 13
-18 14
-23 14
-23 17
-17 14
-21 15
-18 15
-20 14
-21 14
-16 14
-18 12
-18 15
-23 16
-17 15
-23 13
-23 13
-22 12
-18 17
-21 14
-21 13
-18 14
-21 14
-18 15
-17 13
-22 16
-21 10
-18 11
-21 12
-20 15
-25 15
-15 13
-20 16
-20 16
-18 12
-23 15
-20 15
-22 11
-22 16
-20 15
-20 17
-21 12
-18 13
-22 15
-21 13
-18 15
-20 14
-21 15
-21 15
-17 15
-19 13
-24 14
-20 13
-19 11
-22 12
-19 14
-23 14
-19 14
-22 12
-17 14
-20 13
-19 11
-22 12
-21 15
-23 12
-20 13
-18 15
-23 11
-20 14
-21 15
-20 14
-20 12
-19 15
-21 14
-22 16
-19 12
-24 13
-21 12
-23 14
-24 13
-19 14
-17 12
-21 13
-20 13
-19 11
-22 15
-22 13
-19 14
-21 13
-23 12
-20 16
-17 14
-20 12
-22 12
-19 12
-20 14
-19 12
-22 15
-22 12
-23 12
-20 15
-19 14
-21 14
-19 16
-19 13
-22 14
-20 13
-19 13
-21 12
-19 13
-21 12
-24 14
-18 13
-19 13
-21 16
-22 13
-22 15
-22 16
-20 12
-22 13
-22 12
-25 14
-22 13
-21 14
-21 13
-19 13
-21 12
-23 12
-18 14
-21 15
-17 13
-22 10
-21 11
-19 12
-21 12
-24 15
-18 13
-21 12
-21 13
-18 12
-22 13
-20 12
-18 13
-25 13
-22 12
-19 10
-18 14
-20 15
-19 14
-22 14
-23 15
-26 13
-21 14
-20 11
-21 14
-22 12
-20 13
-25 11
-20 14
-22 13
-23 10
-24 13
-18 15
-21 13
-23 10
-20 11
-22 14
-19 15
-20 14
-23 15
-20 11
-22 14
-21 13
-24 16
-22 12
-25 12
-16 16
-19 13
-22 12
-22 14
-24 12
-20 12
-18 13
-20 13
-20 15
-19 13
-19 12
-22 12
-19 13
-22 11
-20 13
-22 10
-22 12
-18 11
-19 12
-21 12
-21 15
-20 13
-21 11
-22 12
-22 14
-22 14
-21 13
-20 13
-23 16
-22 12
-23 14
-21 12
-20 11
-24 12
-25 11
-22 13
-21 12
-21 13
-22 13
-24 12
-20 14
-24 15
-19 14
-21 15
-22 15
-21 13
-18 12
-21 11
-21 9
-21 14
-17 13
-23 12
-23 12
-20 10
-21 12
-22 14
-25 14
-21 12
-24 11
-24 13
-24 14
-21 10
-19 14
-26 15
-20 14
-16 14
-23 13
-22 15
-24 12
-21 13
-21 12
-22 13
-18 13
-23 12
-24 12
-23 14
-21 13
-20 12
-24 13
-24 13
-21 13
-24 11
-22 13
-19 11
-21 13
-24 12
-19 13
-21 12
-23 9
-21 12
-22 13
-17 12
-19 13
-25 15
-23 12
-24 11
-21 10
-25 12
-23 14
-25 12
-24 14
-24 13
-22 12
-26 11
-23 12
-23 12
-22 14
-21 13
-25 13
-21 13
-23 14
-20 11
-22 12
-20 14
-21 10
-23 11
-20 12
-23 11
-24 13
-22 11
-23 12
-23 13
-18 9
-21 15
-22 12
-21 14
-22 14
-21 10
-19 14
-23 10
-19 10
-22 13
-21 15
-21 13
-21 12
-22 13
-23 11
-26 12
-25 13
-23 12
-20 12
-23 14
-22 11
-23 13
-20 10
-23 12
-24 11
-17 12
-23 13
-23 16
-17 12
-26 10
-22 12
-22 13
-23 14
-24 14
-22 14
-22 13
-26 13
-23 13
-24 11
-25 14
-22 12
-19 13
-22 13
-25 12
-21 13
-21 14
-22 14
-23 12
-26 12
-25 13
-23 13
-20 11
-22 12
-21 13
-25 14
-24 11
-22 13
-23 12
-22 9
-19 13
-25 12
-22 13
-20 12
-21 12
-22 12
-21 12
-23 15
-22 16
-20 13
-22 15
-22 11
-24 17
-25 13
-23 16
-25 13
-23 15
-18 14
-24 13
-24 14
-21 12
-23 12
-24 12
-25 11
-25 14
-21 12
-20 14
-24 10
-17 10
-22 17
-23 16
-22 13
-21 11
-22 13
-22 12
-24 14
-21 12
-22 12
-20 13
-21 13
-22 12
-25 11
-20 14
-23 15
-23 12
-22 13
-18 12
-25 14
-26 12
-22 14
-21 13
-22 12
-24 13
-26 13
-17 14
-24 12
-24 13
-23 11
-23 14
-20 15
-20 11
-19 14
-20 14
-25 13
-22 9
-21 13
-18 11
-19 10
-24 13
-25 12
-22 10
-20 14
-24 12
-22 14
-22 14
-23 15
-22 15
-24 11
-19 12
-21 13
-21 13
-21 16
-21 13
-18 15
-23 13
-24 11
-24 11
-23 13
-24 14
-20 12
-24 14
-24 13
-19 13
-24 14
-21 15
-23 14
-24 10
-23 13
-22 13
-20 12
-21 14
-22 11
-19 12
-20 12
-24 13
-19 13
-23 12
-24 14
-23 12
-23 13
-18 11
-22 14
-24 14
-24 11
-23 12
-25 12
-20 12
-20 13
-23 13
-19 12
-22 13
-24 14
-22 12
-21 11
-22 14
-27 13
-20 13
-23 14
-27 14
-23 13
-19 14
-25 14
-24 14
-22 14
-22 11
-20 14
-23 12
-26 13
-23 12
-26 10
-23 15
-22 11
-27 14
-21 14
-23 14
-19 13
-20 10
-22 14
-25 14
-23 13
-24 13
-26 14
-27 15
-21 12
-20 15
-23 12
-22 14
-20 15
-21 13
-20 14
-23 14
-23 14
-23 15
-26 14
-23 11
-25 15
-21 14
-19 14
-23 13
-21 15
-25 13
-23 12
-21 12
-20 12
-22 13
-24 14
-24 13
-21 12
-22 18
-21 10
-23 13
-24 13
-24 12
-24 13
-20 13
-22 12
-22 13
-22 12
-23 13
-20 12
-16 15
-23 11
-25 13
-23 14
-23 14
-25 15
-25 14
-24 14
-24 13
-21 14
-20 14
-21 13
-24 14
-21 13
-26 15
-24 14
-21 13
-22 15
-26 14
-22 14
-21 14
-20 13
-23 14
-20 12
-29 15
-21 13
-21 15
-25 14
-24 13
-23 13
-25 12
-24 13
-26 13
-20 13
-26 15
-20 14
-23 14
-23 13
-24 16
-23 14
-24 14
-24 14
-23 11
-26 12
-21 13
-22 14
-23 14
-19 15
-27 13
-24 12
-25 14
-22 12
-24 13
-22 16
-22 16
-22 13
-22 17
-22 13
-27 13
-25 13
-25 15
-22 15
-21 14
-22 12
-19 14
-23 15
-24 15
-22 13
-23 11
-20 14
-22 16
-24 12
-21 14
-23 14
-24 15
-21 13
-23 15
-27 15
-24 14
-21 12
-27 13
-24 15
-23 13
-24 15
-20 16
-24 11
-24 12
-23 12
-22 13
-16 13
-25 12
-23 15
-25 13
-24 15
-17 16
-22 13
-25 15
-27 12
-23 14
-28 12
-26 13
-21 15
-23 14
-23 13
-21 13
-19 12
-22 15
-19 13
-25 14
-23 15
-20 14
-20 14
-20 12
-21 16
-23 11
-23 13
-19 14
-22 14
-24 15
-19 14
-23 16
-22 15
-27 13
-22 12
-26 13
-26 14
-20 12
-26 12
-21 14
-21 12
-22 16
-24 15
-25 12
-21 14
-23 13
-19 15
-26 13
-21 14
-22 13
-25 13
-18 14
-27 14
-24 14
-17 13
-18 13
-20 15
-21 15
-23 14
-24 14
-24 13
-24 13
-22 12
-24 12
-20 13
-22 14
-21 14
-25 14
-19 14
-23 16
-24 15
-23 14
-22 13
-22 13
-23 14
-20 14
-20 14
-21 14
-23 15
-21 14
-26 12
-19 16
-24 14
-21 13
-21 16
-22 12
-22 13
-19 13
-26 14
-24 13
-24 13
-22 14
-23 14
-23 15
-22 13
-24 15
-25 15
-19 14
-23 15
-19 16
-23 14
-23 14
-25 14
-23 14
-22 14
-25 16
-22 13
-21 12
-23 15
-24 16
-27 12
-22 13
-21 13
-23 14
-22 13
-25 15
-21 13
-25 15
-18 10
-23 13
-21 14
-25 17
-26 14
-24 12
-20 14
-19 13
-22 14
-25 13
-23 16
-25 15
-19 13
-24 17
-27 13
-22 12
-21 14
-23 16
-22 15
-24 15
-20 13
-24 12
-23 13
-26 14
-24 12
-25 16
-23 14
-23 13
-20 11
-26 14
-25 15
-22 16
-24 13
-24 14
-22 15
-25 14
-18 13
-24 14
-22 14
-26 15
-25 14
-20 14
-23 13
-22 13
-25 13
-23 17
-22 13
-23 13
-22 15
-20 14
-24 14
-26 16
-21 17
-22 12
-21 13
-23 16
-24 12
-24 13
-25 15
-21 14
-21 12
-26 16
-25 14
-23 14
-23 13
-23 15
-21 16
-24 15
-22 13
-20 15
-24 13
-22 14
-26 14
-25 15
-20 16
-25 16
-21 14
-25 13
-21 13
-26 15
-25 15
-25 13
-24 13
-23 14
-23 15
-25 14
-24 10
-21 14
-22 11
-22 16
-27 14
-23 15
-23 16
-24 13
-22 15
-22 15
-23 15
-25 15
-25 16
-22 14
-24 13
-26 14
-23 13
-21 15
-23 15
-23 14
-24 11
-25 11
-20 15
-22 15
-26 14
-25 15
-21 17
-24 16
-24 17
-26 13
-23 13
-23 14
-20 15
-23 15
-21 15
-23 16
-28 15
-23 13
-24 16
-21 15
-25 14
-24 14
-21 15
-22 15
-26 16
-22 15
-23 12
-26 14
-19 13
-25 14
-26 12
-20 14
-25 13
-23 16
-20 14
-22 14
-24 17
-26 13
-24 15
-26 14
-22 14
-23 14
-23 13
-22 16
-26 12
-23 11
-23 14
-24 14
-23 15
-22 11
-23 13
-24 15
-23 14
-22 16
-23 15
-24 14
-22 12
-23 17
-22 14
-26 14
-22 14
-23 16
-20 14
-21 14
-21 16
-22 13
-24 16
-25 15
-24 16
-26 16
-23 12
-23 14
-24 15
-25 14
-22 15
-20 12
-27 15
-23 13
-25 13
-22 13
-22 14
-26 13
-21 14
-24 12
-23 15
-25 14
-28 14
-25 14
-23 15
-26 13
-26 13
-21 12
-27 13
-21 14
-25 17
-26 18
-22 14
-25 13
-23 13
-26 15
-24 13
-21 16
-23 15
-18 12
-26 15
-23 15
-26 12
-18 16
-24 14
-21 14
-26 14
-27 15
-22 15
-22 14
-24 13
-20 15
-22 16
-23 14
-26 15
-21 13
-23 13
-23 15
-24 13
-22 15
-23 13
-25 16
-26 14
-26 14
-22 15
-22 14
-23 11
-23 14
-22 14
-26 13
-20 13
-28 15
-24 15
-24 11
-26 14
-23 12
-18 15
-28 13
-26 11
-24 14
-23 15
-23 16
-23 15
-21 15
-24 12
-22 13
-21 15
-25 15
-24 16
-23 16
-23 13
-25 14
-25 15
-21 15
-22 14
-23 13
-22 15
-25 14
-22 11
-21 13
-24 14
-24 15
-24 15
-24 14
-23 14
-22 15
-21 13
-24 15
-25 13
-21 12
-21 15
-25 13
-22 12
-24 14
-23 15
-20 14
-25 14
-23 15
-23 13
-24 15
-26 12
-22 16
-23 14
-24 13
-24 15
-21 15
-27 14
-26 15
-24 14
-21 12
-23 15
-25 15
-22 12
-21 15
-23 15
-26 14
-22 16
-19 13
-26 12
-23 15
-25 11
-22 14
-24 12
-25 15
-25 16
-23 14
-25 15
-22 12
-23 15
-25 12
-28 13
-24 14
-26 15
-26 14
-24 15
-25 13
-25 15
-27 14
-26 14
-22 12
-22 18
-27 14
-23 13
-22 15
-20 14
-19 16
-23 14
-25 14
-24 12
-23 15
-25 15
-22 13
-25 17
-22 15
-24 14
-21 12
-28 15
-23 16
-25 16
-23 14
-19 14
-21 17
-26 15
-22 15
-22 14
-22 13
-24 14
-21 11
-25 14
-22 17
-23 12
-23 15
-21 13
-22 14
-27 14
-23 13
-26 17
-24 16
-22 15
-24 14
-24 12
-23 15
-26 15
-24 14
-24 13
-26 17
-24 14
-19 14
-23 14
-22 15
-24 15
-29 15
-24 18
-24 13
-25 14
-29 15
-23 15
-24 18
-23 13
-22 15
-24 16
-22 14
-26 14
-24 15
-23 16
-23 12
-23 16
-25 16
-26 14
-23 14
-23 12
-19 15
-27 15
-23 13
-25 15
-20 15
-20 16
-24 14
-24 14
-20 15
-25 13
-24 14
-25 16
-24 14
-27 14
-24 13
-20 17
-26 15
-25 16
-24 11
-21 15
-28 15
-22 13
-22 14
-25 12
-22 13
-27 12
-24 15
-23 14
-27 13
-24 14
-22 13
-22 16
-23 15
-22 15
-24 17
-26 14
-19 14
-26 14
-22 15
-24 14
-22 14
-23 13
-22 13
-23 14
-27 17
-27 13
-21 14
-22 15
-21 15
-18 16
-24 17
-25 14
-21 14
-25 14
-23 13
-25 15
-26 12
-20 13
-20 16
-24 13
-22 13
-28 15
-24 15
-26 17
-23 15
-20 17
-25 12
-24 15
-24 17
-24 14
-24 15
-23 14
-19 13
-26 16
-28 14
-25 13
-26 16
-24 12
-24 14
-22 15
-23 13
-22 18
-24 15
-26 15
-25 13
-23 13
-25 16
-27 15
-25 16
-21 13
-27 16
-25 13
-24 14
-24 15
-25 13
-24 17
-26 14
-24 12
-23 13
-22 15
-23 16
-22 15
-21 15
-21 14
-25 13
-21 15
-19 16
-20 15
-24 13
-26 12
-23 14
-24 15
-20 14
-28 15
-25 14
-24 13
-27 16
-29 13
-25 15
-25 14
-24 16
-22 13
-27 16
-26 14
-21 16
-25 13
-23 15
-24 15
-25 14
-26 12
-20 15
-25 10
-24 16
-25 13
-22 14
-21 14
-22 15
-25 13
-22 14
-23 13
-24 15
-25 11
-24 14
-26 14
-23 15
-25 16
-24 16
-25 15
-23 15
-28 14
-24 14
-23 15
-24 14
-19 15
-25 14
-24 15
-25 16
-25 16
-24 17
-23 14
-21 12
-24 13
-26 14
-25 14
-27 15
-23 15
-21 15
-23 12
-25 13
-21 14
-23 14
-29 17
-24 14
-24 13
-24 14
-23 15
-23 15
-26 18
-22 17
-23 16
-22 15
-22 15
-23 16
-26 15
-22 14
-22 13
-24 13
-25 15
-24 12
-25 18
-25 14
-27 16
-26 15
-23 15
-21 13
-25 12
-23 16
-22 15
-20 15
-22 14
-25 14
-27 14
-25 15
-22 13
-24 15
-24 15
-22 18
-28 18
-23 17
-20 14
-24 13
-24 15
-23 13
-26 14
-23 15
-25 13
-23 14
-21 14
-22 17
-26 15
-24 16
-22 16
-25 14
-25 14
-25 11
-24 15
-28 14
-25 16
-24 16
-24 11
-22 15
-23 14
-20 14
-19 15
-23 15
-22 14
-23 14
-24 17
-24 14
-23 16
-21 14
-23 15
-25 12
-24 14
-26 16
-24 15
-25 15
-20 15
-25 15
-24 16
-28 15
-25 16
-21 15
-25 14
-25 15
-25 14
-27 14
-27 15
-20 15
-22 15
-26 14
-25 15
-22 15
-24 14
-26 16
-24 14
-23 14
-24 13
-24 16
-21 13
-25 15
-22 14
-20 17
-23 14
-26 14
-25 16
-23 17
-24 15
-25 16
-23 16
-23 15
-25 15
-23 14
-23 15
-23 14
-21 16
-23 14
-25 19
-20 15
-23 16
-23 12
-23 13
-27 15
-22 18
-21 16
-21 12
-24 15
-30 17
-20 15
-24 16
-23 14
-25 17
-24 15
-25 14
-22 15
-22 15
-28 15
-26 15
-23 15
-24 14
-23 13
-27 16
-24 14
-29 15
-25 14
-27 14
-26 15
-25 13
-25 16
-22 14
-25 19
-23 17
-25 14
-24 16
-23 13
-20 15
-26 14
-23 15
-24 19
-25 14
-23 18
-27 15
-24 16
-21 16
-25 15
-23 17
-25 15
-23 15
-25 14
-22 14
-23 15
-26 14
-22 16
-22 17
-23 16
-26 15
-26 19
-25 17
-24 15
-23 16
-24 15
-23 15
-27 16
-25 15
-22 14
-24 13
-23 15
-25 18
-25 15
-22 16
-28 15
-20 15
-24 17
-22 16
-24 17
-22 14
-25 13
-20 15
-23 19
-24 16
-21 16
-26 16
-21 14
-27 16
-26 19
-25 16
-25 14
-26 17
-23 17
-24 16
-24 16
-24 14
-25 18
-23 16
-22 16
-26 17
-27 18
-21 16
-21 15
-21 16
-24 17
-24 15
-23 16
-23 17
-24 17
-25 15
-22 15
-22 16
-22 16
-25 16
-24 13
-29 15
-23 13
-22 13
-21 18
-21 15
-26 15
-23 17
-26 14
-22 16
-26 18
-24 18
-22 15
-22 17
-19 15
-25 16
-28 15
-21 15
-24 16
-19 15
-22 18
-26 17
-21 16
-22 16
-22 16
-25 17
-26 15
-22 16
-22 16
-21 16
-23 17
-23 14
-22 16
-25 18
-22 16
-22 17
-23 14
-23 19
-23 17
-22 17
-24 16
-23 17
-24 18
-27 18
-22 16
-25 18
-21 14
-22 17
-26 17
-23 17
-21 15
-21 13
-30 16
-24 16
-23 15
-26 14
