-15 23
-17 25
-13 22
-19 23
-22 27
-16 25
-14 25
-13 23
-15 22
-17 23
-17 23
-16 24
-15 25
-16 25
-14 23
-13 23
-19 21
-17 23
-12 23
-13 23
-19 22
-16 24
-17 22
-17 26
-22 21
-17 24
-15 25
-18 21
-19 25
-16 23
-18 24
-18 25
-18 25
-15 25
-15 23
-14 22
-14 22
-18 21
-17 23
-13 24
-19 23
-18 22
-19 23
-17 22
-21 26
-23 22
-18 24
-18 24
-18 23
-13 23
-18 23
-14 23
-18 21
-17 22
-14 24
-18 20
-17 23
-15 22
-17 22
-15 22
-15 21
-18 24
-17 24
-15 21
-17 24
-17 24
-15 23
-14 25
-20 23
-17 23
-18 22
-18 23
-15 21
-19 22
-14 23
-12 23
-16 21
-18 23
-17 23
-18 23
-16 23
-15 20
-15 22
-16 24
-19 24
-17 26
-13 22
-20 23
-13 22
-17 23
-15 28
-15 23
-18 25
-17 22
-16 22
-17 23
-17 23
-19 24
-15 23
-19 25
-18 24
-19 21
-14 22
-17 25
-15 24
-17 23
-18 22
-15 24
-17 21
-22 23
-19 23
-17 22
-15 23
-15 23
-16 23
-14 21
-17 24
-19 25
-16 22
-17 24
-17 20
-18 22
-19 22
-20 23
-21 20
-17 22
-12 24
-18 21
-18 24
-16 20
-16 24
-12 23
-18 23
-16 22
-13 21
-17 23
-18 24
-19 21
-19 23
-19 20
-14 22
-17 23
-17 22
-17 22
-16 24
-14 25
-17 23
-17 21
-18 22
-15 23
-15 22
-17 22
-12 24
-16 22
-16 22
-20 24
-18 23
-17 21
-18 22
-16 22
-16 22
-18 23
-13 23
-16 22
-18 21
-18 22
-17 23
-17 22
-15 23
-14 20
-16 21
-16 21
-17 20
-14 23
-18 21
-15 20
-15 23
-15 21
-16 23
-15 20
-20 21
-16 21
-19 24
-17 20
-17 22
-16 23
-15 24
-17 20
-19 23
-16 19
-15 22
-15 22
-16 22
-18 19
-19 21
-16 24
-16 21
-19 26
-14 22
-18 20
-16 20
-17 21
-18 24
-16 20
-17 21
-15 22
-17 21
-18 21
-14 21
-14 22
-13 20
-13 24
-16 21
-17 21
-15 18
-19 19
-15 23
-19 20
-12 24
-16 21
-17 23
-19 23
-17 21
-21 18
-18 21
-16 23
-21 24
-15 20
-15 21
-15 20
-15 23
-16 23
-17 22
-16 20
-15 20
-13 21
-13 22
-16 20
-18 22
-11 22
-15 22
-13 21
-17 22
-19 21
-17 22
-11 22
-20 22
-12 23
-17 21
-16 21
-13 20
-14 21
-15 20
-16 20
-17 19
-19 21
-18 20
-14 22
-17 21
-19 22
-17 20
-15 23
-16 20
-19 20
-15 20
-20 20
-19 20
-15 18
-19 22
-13 21
-15 20
-14 22
-18 20
-16 22
-19 20
-16 23
-20 23
-17 19
-16 22
-18 19
-16 22
-21 19
-15 21
-18 22
-18 21
-13 22
-19 19
-17 23
-18 21
-20 23
-17 22
-14 21
-16 23
-18 20
-13 19
-18 22
-16 21
-12 21
-16 18
-16 22
-13 20
-17 21
-15 22
-15 24
-15 21
-16 20
-16 22
-19 21
-14 21
-13 21
-17 21
-17 18
-11 20
-19 22
-15 20
-18 19
-16 18
-16 21
-19 22
-18 22
-13 19
-15 19
-16 20
-18 22
-15 19
-17 21
-14 20
-18 19
-17 22
-19 19
-16 21
-16 21
-15 21
-17 19
-18 17
-11 20
-16 21
-15 20
-18 17
-17 18
-14 22
-19 20
-17 20
-16 21
-14 19
-18 20
-17 22
-15 19
-19 22
-18 20
-16 20
-17 21
-17 20
-15 19
-13 22
-16 22
-14 18
-17 20
-15 18
-17 22
-19 19
-15 20
-14 21
-17 21
-17 19
-17 20
-14 19
-13 21
-18 20
-19 19
-14 21
-14 20
-16 19
-16 21
-18 18
-16 20
-17 19
-16 20
-19 22
-18 20
-19 19
-19 22
-17 19
-15 17
-19 21
-15 20
-17 21
-18 22
-16 20
-14 22
-13 19
-14 20
-17 19
-13 19
-15 24
-17 22
-15 20
-13 19
-11 20
-16 21
-19 18
-14 22
-16 20
-17 21
-14 21
-17 22
-17 22
-15 19
-12 20
-18 21
-19 19
-17 21
-17 20
-16 23
-16 21
-18 19
-14 19
-16 17
-17 20
-17 17
-16 20
-14 22
-16 21
-17 19
-18 18
-16 20
-15 21
-13 21
-14 21
-20 23
-17 21
-12 19
-15 19
-13 19
-16 19
-16 20
-14 16
-15 21
-16 21
-17 20
-15 19
-18 20
-16 18
-17 21
-14 21
-18 19
-11 22
-17 23
-16 23
-17 26
-14 20
-17 22
-16 20
-18 21
-16 19
-18 18
-18 21
-14 19
-17 20
-19 19
-19 18
-13 19
-17 23
-18 20
-19 19
-16 21
-16 19
-14 23
-14 22
-15 20
-14 22
-20 24
-14 26
-15 25
-16 19
-13 20
-17 18
-12 18
-16 21
-12 22
-11 27
-16 26
-15 27
-14 25
-16 21
-14 21
-21 17
-11 21
-11 26
-10 37
-7 42
-18 45
-16 35
-15 25
-15 20
-17 22
-6 23
9 24
20 46
15 91
-12 130
-19 125
19 74
99 35
164 94
159 250
86 441
-2 526
-44 458
-39 285
-11 120
-3 44
-5 47
-14 70
-15 68
-14 45
-16 28
-13 24
-16 26
-6 24
-9 24
-11 28
-14 42
-16 51
-18 44
-14 36
-18 27
-12 19
-10 21
-13 19
-17 23
-17 25
-17 29
-14 28
-19 27
-19 23
-12 20
-12 18
-13 21
-17 21
-13 22
-15 25
-17 27
-16 24
-15 23
-15 19
-21 22
-15 21
-11 22
-13 21
-16 19
-19 20
-16 20
-14 17
-17 20
-14 20
-17 19
-18 18
-15 21
-18 17
-14 18
-18 19
-14 19
-18 21
-17 23
-19 23
-16 23
-17 20
-15 19
-16 20
-16 20
-14 20
-14 18
-17 19
-14 17
-18 18
-14 18
-17 18
-14 20
-15 17
-15 20
-16 20
-17 21
-10 21
-16 21
-15 21
-19 20
-13 21
-16 16
-15 18
-13 20
-16 20
-16 18
-13 18
-16 18
-19 19
-20 18
-15 18
-14 19
-17 19
-16 16
-15 17
-16 19
-15 18
-14 18
-17 18
-17 21
-18 19
-12 20
-17 18
-18 15
-14 20
-17 19
-13 19
-17 16
-16 19
-15 17
-16 19
-13 19
-13 17
-14 19
-20 17
-17 18
-17 15
-15 15
-11 20
-10 21
-12 19
-17 19
-16 18
-17 19
-15 17
-9 17
-17 17
-17 22
-14 20
-14 16
-14 19
-15 17
-21 18
-15 19
-21 19
-13 20
-15 17
-20 19
-16 18
-15 20
-14 18
-15 20
-14 17
-13 17
-17 18
-16 19
-12 19
-17 18
-14 18
-17 20
-16 17
-19 19
-15 20
-19 20
-17 18
-16 17
-14 17
-19 18
-14 17
-18 18
-15 15
-14 20
-18 19
-13 14
-14 17
-17 17
-16 19
-15 18
-17 19
-17 16
-17 15
-15 17
-22 17
-19 18
-13 17
-16 23
-15 18
-13 18
-14 17
-17 17
-12 20
-12 17
-19 19
-13 18
-13 17
-20 16
-17 16
-16 17
-18 17
-18 20
-16 18
-16 17
-13 19
-18 18
-12 19
-16 17
-19 18
-18 18
-17 16
-18 20
-16 16
-17 20
-15 18
-17 17
-15 18
-18 18
-16 19
-15 18
-17 18
-18 18
-15 17
-19 18
-16 18
-17 17
-15 18
-12 17
-15 18
-16 16
-11 19
-15 16
-18 16
-17 17
-18 20
-15 19
-18 21
-16 17
-16 17
-11 19
-17 18
-17 14
-17 17
-18 17
-14 19
-16 16
-17 16
-16 16
-16 16
-13 18
-17 16
-17 18
-16 18
-19 18
-14 16
-18 19
-12 18
-17 17
-15 16
-14 19
-19 18
-15 19
-18 17
-19 16
-15 17
-14 17
-15 17
-16 21
-16 16
-16 19
-13 17
-15 18
-18 16
-14 20
-13 16
-19 18
-17 19
-16 16
-14 17
-15 16
-18 16
-15 18
-11 16
-17 17
-16 16
-13 19
-20 18
-16 18
-15 19
-15 16
-17 17
-17 16
-18 19
-14 19
-14 19
-14 16
-18 19
-13 19
-16 15
-16 16
-17 18
-16 19
-16 17
-16 18
-17 19
-16 17
-17 18
-16 15
-17 19
-14 18
-15 17
-22 18
-16 17
-17 18
-14 18
-13 20
-16 17
-14 17
-16 19
-16 17
-14 15
-12 20
-16 18
-17 21
-17 16
-17 19
-14 17
-21 17
-11 18
-15 18
-13 19
-20 18
-15 16
-12 17
-17 18
-18 17
-19 17
-18 17
-19 16
-17 17
-14 17
-18 19
-13 18
-17 18
-14 17
-16 18
-17 18
-17 18
-16 19
-14 16
-17 19
-14 18
-14 18
-17 18
-14 16
-22 16
-19 19
-16 18
-16 18
-14 18
-18 15
-15 18
-18 17
-16 18
-19 19
-13 22
-17 19
-19 17
-15 18
-17 18
-20 18
-17 18
-18 18
-12 19
-17 18
-16 19
-19 16
-19 17
-17 20
-14 15
-21 17
-16 18
-15 16
-17 17
-16 17
-17 18
-16 16
-15 19
-19 16
-15 17
-16 17
-18 17
-16 18
-16 16
-20 16
-17 18
-14 16
-15 17
-16 17
-12 16
-14 19
-17 18
-14 20
-16 19
-16 17
-16 16
-14 15
-16 16
-15 19
-16 20
-15 18
-16 19
-20 16
-17 20
-11 18
-14 14
-13 17
-14 17
-14 19
-18 17
-17 18
-18 18
-17 18
-12 19
-15 17
-16 17
-16 20
-14 14
-15 15
-16 16
-13 19
-15 18
-18 16
-20 19
-17 19
-14 18
-17 17
-19 19
-14 16
-20 15
-17 18
-16 17
-18 19
-15 18
-16 19
-16 17
-14 17
-16 19
-17 16
-14 17
-17 15
-16 18
-20 19
-14 15
-15 17
-13 18
-17 20
-17 17
-16 17
-16 16
-14 17
-12 18
-12 17
-14 19
-17 21
-14 19
-16 18
-17 14
-20 20
-15 19
-15 18
-16 20
-17 21
-16 18
-20 18
-16 18
-13 19
-16 20
-16 18
-16 17
-18 19
-19 17
-15 19
-19 17
-18 15
-18 17
-18 17
-19 17
-15 17
-13 17
-18 20
-16 16
-17 18
-17 18
-18 18
-18 18
-17 18
-14 19
-20 16
-16 19
-18 18
-18 16
-14 16
-14 18
-14 16
-15 18
-12 18
-15 16
-20 19
-12 20
-18 20
-17 17
-17 18
-21 16
-17 15
-18 19
-17 18
-16 17
-17 17
-11 19
-13 20
-16 19
-17 19
-18 17
-15 17
-15 19
-19 18
-19 19
-16 19
-19 16
-20 16
-15 19
-14 18
-17 17
-14 17
-17 18
-16 18
-16 16
-16 18
-15 15
-16 19
-18 19
-18 16
-20 18
-17 16
-17 21
-18 18
-22 20
-17 20
-16 15
-14 19
-12 19
-18 19
-14 18
-17 16
-18 22
-19 17
-14 19
-14 19
-18 18
-15 19
-22 15
-14 20
-13 20
-16 13
-17 18
-16 18
-17 18
-14 18
-15 18
-13 16
-17 18
-16 16
-16 17
-15 17
-16 16
-13 16
-13 19
-18 20
-15 15
-20 17
-19 18
-15 21
-15 19
-16 16
-14 19
-21 16
-14 17
-16 18
-18 18
-17 18
-16 19
-19 20
-14 18
-16 18
-16 19
-19 18
-13 20
-19 19
-14 20
-15 24
-14 18
-18 16
-17 20
-15 19
-16 19
-17 19
-13 21
-11 24
-18 25
-17 29
-17 25
-12 23
-2 19
-4 28
-3 47
-12 61
-20 59
-16 50
-18 35
-15 24
-16 21
-17 21
-19 20
-17 21
-18 20
-20 18
-11 18
-13 18
-16 18
-15 16
-14 19
-16 20
-18 22
-16 19
-17 18
-16 21
-14 19
-17 17
-14 18
-17 19
-17 17
-16 17
-16 18
-14 19
-18 19
-15 21
-12 18
-16 21
-14 19
-16 17
-15 19
-14 16
-11 18
-17 19
-16 19
-15 18
-16 19
-16 18
-18 18
-19 18
-15 17
-15 20
-15 19
-16 20
-18 19
-20 18
-17 17
-14 16
-16 16
-18 20
-18 16
-14 20
-16 14
-20 21
-18 18
-19 18
-17 20
-14 20
-16 19
-18 18
-15 19
-18 20
-18 19
-16 21
-14 18
-17 19
-15 20
-18 18
-14 17
-13 20
-17 19
-17 17
-16 19
-17 17
-16 19
-19 17
-15 20
-18 18
-18 18
-18 20
-13 18
-15 20
-17 20
-15 18
-19 21
-15 21
-13 17
-13 17
-15 18
-18 20
-13 16
-15 18
-14 19
-16 17
-17 19
-21 18
-16 18
-16 17
-19 17
-16 19
-15 19
-15 20
-18 19
-17 18
-18 18
-17 20
-13 18
-15 20
-15 19
-15 17
-15 22
-14 19
-17 18
-16 18
-14 17
-16 19
-19 18
-16 19
-17 24
-16 22
-18 25
-16 20
-19 19
-20 16
-16 18
-12 19
-8 22
-6 31
-9 39
-19 46
-15 38
0 29
16 25
22 43
13 78
-6 112
-17 118
-20 99
-19 59
-14 34
-18 23
-16 25
-16 28
-20 26
-15 19
-18 21
-18 20
-15 19
-12 18
-13 20
-14 22
-16 23
-12 23
-19 26
-20 23
-17 20
-13 20
-18 19
-13 16
-15 18
-17 21
-13 23
-18 20
-15 25
-14 19
-16 20
-17 17
-19 19
-23 20
-16 21
-13 21
-17 22
-15 25
-16 23
-17 25
-13 19
-16 21
-19 20
-17 20
-7 21
-7 26
-10 36
-16 46
-19 45
-7 35
10 24
23 30
23 62
3 104
-14 133
-23 121
-22 88
-19 48
-17 28
-16 24
-21 28
-18 29
-16 24
-15 21
-17 20
-17 21
-13 19
-15 20
-14 20
-16 23
-16 26
-17 28
-17 26
-16 23
-18 19
-13 18
-14 19
-18 19
-20 19
-18 20
-13 19
-14 26
-14 22
-18 19
-18 21
-16 17
-12 23
-13 22
-16 24
-16 27
-15 26
-15 20
-18 19
-13 19
-17 18
-13 17
-14 18
-13 17
-18 21
-15 20
-17 21
-17 21
-20 20
-15 20
-14 22
-13 20
-14 20
-17 22
-16 24
-15 25
-14 21
-19 18
-14 19
-14 21
-14 20
-18 20
-13 18
-14 19
-15 17
-20 19
-14 21
-18 18
-17 20
-17 23
-16 23
-19 19
-14 19
-11 19
-11 19
-16 23
-19 26
-21 30
-20 26
-15 23
-15 21
-15 19
-17 21
-17 21
-18 21
-15 19
-14 17
-18 21
-16 19
-17 17
-16 19
-17 21
-18 21
-18 20
-16 19
-21 20
-18 19
-18 19
-16 17
-15 23
-14 18
-16 20
-17 18
-16 18
-14 19
-19 17
-20 17
-20 18
-15 21
-20 18
-21 18
-16 17
-16 18
-16 21
-15 17
-18 18
-14 20
-21 18
-17 20
-16 15
-19 19
-18 18
-20 19
-14 18
-19 18
-16 18
-13 18
-21 16
-16 17
-21 17
-15 20
-19 18
-19 18
-15 19
-19 20
-19 19
-19 19
-16 19
-17 19
-17 20
-17 19
-16 18
-11 20
-16 17
-18 17
-18 19
-17 18
-21 20
-17 17
-14 21
-18 18
-19 19
-19 20
-17 18
-19 19
-11 16
-14 19
-19 15
-17 15
-19 17
-18 20
-17 16
-18 18
-18 18
-15 19
-18 17
-18 16
-17 17
-17 22
-18 17
-17 20
-19 20
-18 17
-19 21
-17 18
-15 14
-16 16
-17 19
-15 20
-16 19
-17 18
-16 18
-18 18
-12 19
-19 19
-17 15
-18 19
-19 19
-16 18
-18 19
-13 20
-17 18
-11 20
-18 23
-18 23
-15 26
-12 24
-18 21
-18 20
-15 18
-20 19
-16 20
-16 17
-15 17
-14 15
-13 18
-18 20
-15 18
-19 20
-14 15
-16 17
-14 20
-16 19
-16 20
-16 17
-16 18
-18 16
-16 15
-17 17
-16 17
-14 19
-21 19
-19 17
-18 18
-14 16
-16 14
-16 18
-17 18
-19 21
-18 16
-18 21
-19 19
-20 16
-16 17
-19 19
-15 18
-17 17
-18 19
-15 18
-18 17
-18 18
-14 19
-19 18
-12 15
-13 18
-18 18
-20 20
-14 18
-15 20
-15 19
-17 18
-19 18
-19 17
-19 19
-19 18
-18 19
-17 19
-20 19
-18 17
-18 17
-21 18
-18 18
-19 18
-15 21
-18 17
-17 20
-15 17
-17 17
-13 20
-18 16
-18 17
-16 18
-14 14
-13 19
-16 16
-14 20
-17 17
-17 18
-17 20
-17 16
-14 17
-20 17
-16 19
-17 17
-19 18
-19 21
-21 18
-15 17
-14 19
-19 17
-16 16
-18 19
-16 18
-14 19
-19 18
-15 18
-15 16
-19 19
-12 18
-16 17
-15 18
-18 19
-16 18
-17 15
-18 18
-19 18
-18 17
-18 13
-17 18
-17 18
-20 14
-15 18
-17 17
-18 18
-20 17
-17 16
-15 20
-21 16
-18 18
-21 17
-17 19
-17 21
-15 17
-17 17
-16 17
-18 20
-21 19
-12 19
-18 15
-16 18
-21 18
-19 18
-20 18
-15 17
-19 17
-14 18
-18 20
-19 18
-16 17
-19 19
-21 16
-14 19
-15 19
-19 17
-16 18
-18 17
-14 18
-18 19
-20 17
-14 19
-14 15
-19 17
-17 16
-19 19
-16 15
-20 17
-21 18
-20 17
-16 18
-18 16
-15 20
-14 16
-22 18
-16 14
-14 18
-19 14
-16 19
-16 20
-17 21
-18 18
-18 16
-20 16
-18 17
-14 19
-18 19
-16 16
-19 18
-13 19
-15 17
-16 18
-16 17
-18 16
-17 17
-15 16
-15 18
-17 16
-19 18
-18 17
-18 18
-19 19
-18 17
-19 17
-20 16
-17 17
-14 19
-17 16
-17 18
-16 17
-19 16
-21 16
-15 18
-18 15
-16 21
-12 19
-18 16
-17 16
-18 18
-18 18
-17 18
-23 17
-15 18
-20 16
-18 18
-17 16
-17 20
-16 15
-18 17
-16 17
-15 17
-20 17
-19 17
-18 17
-17 19
-14 20
-18 18
-20 15
-15 17
-15 17
-18 17
-20 18
-20 16
-17 18
-19 15
-17 16
-20 18
-15 15
-20 17
-16 17
-19 19
-24 17
-16 18
-17 18
-20 16
-21 18
-16 15
-19 17
-21 18
-19 17
-16 15
-18 16
-20 18
-16 17
-18 20
-21 18
-18 16
-16 16
-17 16
-16 18
-21 20
-17 19
-14 18
-20 16
-19 20
-18 17
-17 20
-16 17
-20 18
-14 18
-18 15
-18 20
-20 18
-20 17
-19 15
-16 16
-18 16
-17 16
-18 20
-20 19
-22 15
-19 17
-17 18
-18 18
-17 18
-16 19
-17 17
-20 17
-15 18
-16 18
-13 18
-20 18
-14 15
-15 18
-19 17
-19 18
-18 17
-17 20
-18 16
-18 18
-15 14
-19 16
-11 17
-15 17
-15 17
-19 17
-20 18
-18 15
-20 19
-19 16
-18 16
-19 18
-14 20
-18 15
-19 18
-19 16
-20 19
-19 18
-18 18
-18 20
-19 15
-22 17
-20 16
-21 13
-18 16
-20 18
-19 19
-19 15
-18 19
-16 16
-20 15
-19 18
-17 15
-18 18
-17 16
-18 15
-21 16
-20 14
-20 16
-18 17
-18 18
-16 15
-17 16
-15 13
-20 16
-20 18
-16 18
-15 14
-16 16
-20 19
-19 19
-21 16
-22 18
-20 18
-19 17
-23 18
-18 17
-19 16
-17 15
-21 17
-19 18
-19 18
-19 18
-17 20
-16 16
-18 16
-16 16
-17 15
-19 18
-19 16
-19 15
-23 15
-22 14
-15 17
-17 17
-13 13
-17 17
-17 17
-17 16
-18 17
-19 15
-19 16
-17 16
-18 18
-21 15
-19 17
-19 16
-14 17
-18 14
-17 18
-18 16
-18 15
-18 19
-15 15
-21 15
-18 16
-19 15
-22 16
-18 18
-21 15
-19 16
-21 13
-17 16
-17 16
-20 16
-17 19
-21 15
-16 16
-24 13
-17 17
-17 18
-17 15
-14 17
-19 18
-20 16
-23 15
-21 16
-22 16
-25 13
-16 18
-16 16
-19 16
-21 12
-21 16
-21 16
-14 17
-19 17
-21 16
-21 16
-23 15
-23 14
-18 15
-22 16
-15 17
-19 16
-18 17
-22 16
-21 16
-19 15
-14 15
-22 18
-19 15
-19 16
-20 15
-19 12
-13 17
-18 14
-21 14
-19 17
-19 15
-19 16
-17 13
-18 15
-20 15
-21 16
-16 17
-19 15
-19 15
-22 16
-20 15
-20 17
-20 17
-20 16
-23 15
-20 15
-21 14
-20 16
-20 15
-23 16
-18 15
-17 15
-17 15
-21 13
-17 16
-21 17
-18 14
-18 15
-21 16
-17 15
-20 14
-19 13
-18 17
-17 16
-21 14
-20 16
-21 15
-21 14
-18 14
-19 14
-22 14
-22 15
-21 16
-20 16
-19 16
-17 13
-18 15
-14 13
-21 15
-21 14
-21 14
-18 14
-17 12
-22 17
-19 11
-17 15
-21 13
-18 13
-21 16
-22 15
-17 16
-18 16
-28 16
-18 15
-19 12
-19 16
-21 14
-18 17
-18 15
-18 14
-16 16
-19 16
-20 17
-18 15
-18 13
-15 15
-21 16
-22 15
-20 16
-21 14
-19 14
-22 16
-24 17
-20 12
-23 14
-22 13
-20 16
-22 14
-22 17
-24 15
-18 16
-21 13
-18 14
-20 15
-16 14
-20 15
-19 17
-22 16
-21 15
-18 16
-20 15
-17 16
-18 15
-19 13
-19 14
-19 13
-20 16
-19 14
-22 16
-18 14
-21 16
-19 14
-20 14
-19 16
-23 13
-24 14
-19 14
-19 15
-19 13
-20 13
-19 15
-20 15
-19 13
-16 13
-19 16
-20 15
-21 13
-22 16
-20 13
-21 14
-19 14
-19 13
-19 15
-24 12
-20 13
-21 16
-22 14
-18 16
-20 14
-22 17
-20 13
-18 14
-22 16
-15 14
-21 13
-17 13
-18 16
-19 15
-17 15
-20 14
-20 13
-23 13
-18 11
-18 14
-25 15
-23 13
-20 11
-22 14
-22 14
-22 14
-19 12
-22 17
-21 13
-19 13
-18 12
-21 15
-17 12
-22 15
-22 18
-17 12
-20 14
-20 15
-20 14
-17 14
-19 16
-21 13
-20 15
-21 16
-23 15
-22 15
-23 15
-19 15
-16 17
-19 15
-16 15
-20 16
-21 11
-20 16
-17 15
-22 15
-20 14
-21 14
-17 16
-22 14
-20 12
-20 14
-15 13
-17 15
-20 15
-24 16
-21 16
-18 15
-17 13
-16 16
-22 19
-23 21
-20 24
-22 21
-24 20
-21 17
-17 13
-23 13
-22 16
-19 15
-21 13
-20 13
-22 14
-17 16
-22 17
-22 15
-20 15
-20 12
-25 15
-19 15
-18 15
-20 14
-21 15
-20 14
-22 18
-22 16
-23 14
-21 14
-17 15
-22 14
-21 14
-18 18
-16 19
-27 23
-19 20
-15 17
-10 15
-10 18
-13 30
-17 35
-23 40
-23 35
-23 24
-18 18
-21 16
-23 14
-21 14
-19 15
-22 14
-21 15
-19 14
-21 14
-16 14
-22 13
-23 15
-22 16
-22 15
-21 16
-18 15
-20 14
-19 15
-21 14
-22 15
-28 14
-20 15
-21 12
-22 15
-22 12
-19 16
-21 18
-18 14
-19 14
-20 11
-20 16
-24 18
-20 19
-18 17
-23 16
-22 16
-21 12
-20 12
-18 15
-16 14
-21 15
-24 12
-21 14
-20 16
-22 14
-22 13
-20 14
-19 14
-20 16
-23 15
-19 14
-20 15
-23 13
-18 13
-21 11
-20 14
-21 15
-21 14
-19 15
-22 14
-23 15
-21 17
-20 19
-25 18
-23 17
-23 14
-20 14
-21 10
-19 16
-20 12
-20 11
-21 14
-19 16
-18 14
-23 12
-19 14
-20 13
-23 15
-18 15
-20 16
-21 14
-18 15
-22 14
-21 15
-22 14
-17 15
-21 12
-21 12
-21 13
-22 14
-20 12
-23 14
-22 15
-19 11
-20 12
-22 14
-21 12
-25 11
-21 15
-20 12
-21 13
-20 13
-24 16
-22 14
-22 14
-24 14
-21 14
-20 14
-29 14
-19 13
-24 12
-20 12
-20 15
-21 15
-24 13
-22 15
-17 14
-24 15
-18 17
-22 16
-18 15
-20 16
-19 16
-22 20
-22 18
-22 20
-21 16
-24 17
-23 14
-23 15
-26 14
-23 15
-22 14
-25 13
-23 12
-25 13
-26 15
-17 15
-24 14
-24 13
-24 15
-25 13
-21 14
-21 14
-20 10
-21 13
-18 13
-25 13
-20 14
-23 13
-22 13
-23 14
-20 16
-22 13
-23 14
-22 13
-22 14
-26 14
-21 13
-22 14
-22 15
-21 14
-21 13
-22 12
-23 13
-25 14
-19 12
-21 12
-22 14
-20 14
-23 12
-18 13
-25 14
-22 10
-21 13
-25 14
-23 13
-23 11
-18 13
-18 11
-23 13
-20 12
-22 13
-18 13
-25 11
-21 14
-25 10
-22 14
-24 15
-22 11
-25 14
-21 14
-20 14
-21 13
-20 14
-22 13
-20 15
-20 13
-21 14
-23 16
-21 13
-25 14
-21 12
-21 13
-21 14
-23 13
-20 15
-19 15
-22 15
-19 13
-23 14
-23 15
-24 12
-23 14
-22 12
-21 13
-21 13
-19 17
-20 12
-23 11
-25 12
-22 13
-23 12
-23 11
-23 12
-21 13
-26 13
-21 12
-22 14
-25 14
-23 11
-19 10
-21 15
-22 12
-22 12
-22 14
-21 11
-22 14
-24 14
-19 11
-21 13
-24 15
-25 14
-23 15
-20 15
-29 15
-20 15
-23 13
-23 12
-25 12
-27 17
-21 14
-20 15
-21 14
-24 14
-21 13
-20 14
-22 15
-24 11
-23 15
-21 14
-22 16
-22 10
-22 12
-21 14
-24 14
-20 15
-26 14
-24 16
-24 12
-26 11
-22 12
-24 12
-20 15
-19 16
-27 16
-21 15
-22 13
-24 13
-20 14
-25 15
-26 15
-22 13
-26 10
-23 13
-24 14
-20 14
-23 13
-23 15
-25 13
-23 14
-23 11
-25 12
-28 13
-25 15
-23 15
-28 12
-22 12
-24 12
-20 16
-24 15
-19 12
-23 13
-24 16
-21 14
-21 12
-20 15
-19 15
-23 15
-23 14
-24 13
-23 15
-23 14
-22 9
-22 12
-21 11
-22 14
-23 13
-19 18
-24 13
-23 11
-19 14
-22 14
-24 14
-24 14
-21 13
-23 12
-28 14
-25 13
-25 12
-19 16
-18 14
-21 12
-24 13
-22 12
-23 13
-23 15
-22 14
-25 14
-27 13
-23 14
-22 11
-17 12
-23 14
-22 15
-17 14
-26 16
-25 15
-22 13
-22 10
-26 13
-22 13
-22 14
-23 14
-22 12
-25 14
-23 13
-23 14
-21 14
-24 14
-20 13
-22 14
-26 13
-23 16
-20 13
-25 15
-23 13
-25 11
-19 12
-24 13
-22 14
-20 14
-25 12
-25 15
-21 14
-23 13
-21 15
-22 12
-22 13
-22 12
-21 11
-23 14
-21 12
-24 13
-22 10
-22 12
-19 13
-22 14
-22 17
-23 14
-19 15
-23 10
-22 13
-23 12
-23 14
-25 15
-21 14
-26 13
-21 13
-21 14
-23 13
-22 13
-25 15
-22 16
-19 15
-24 13
-23 12
-25 16
-20 12
-19 13
-22 12
-23 14
-24 15
-20 12
-21 12
-21 14
-24 15
-23 12
-23 14
-23 13
-22 13
-19 13
-22 15
-23 17
-27 12
-23 12
-25 13
-22 14
-20 13
-25 15
-23 15
-21 15
-24 14
-22 13
-27 12
-23 16
-25 14
-22 14
-22 13
-24 12
-23 15
-25 12
-21 13
-21 14
-22 16
-20 18
-20 12
-22 15
-26 14
-21 13
-27 16
-23 16
-19 15
-22 13
-22 14
-22 14
-22 9
-19 14
-18 14
-21 14
-20 15
-23 15
-23 14
-22 17
-24 15
-22 14
-25 16
-22 12
-17 15
-26 10
-28 14
-18 13
-20 14
-27 12
-19 16
-24 15
-22 14
-23 14
-24 15
-24 14
-26 13
-24 13
-23 13
-25 14
-22 16
-21 15
-22 15
-21 14
-23 19
-20 15
-23 15
-22 15
-22 14
-22 14
-24 15
-19 15
-26 12
-18 13
-21 13
-24 14
-25 14
-23 14
-28 14
-22 16
-26 17
-26 18
-22 17
-22 16
-21 17
-20 13
-21 11
-22 14
-22 15
-21 15
-25 12
-25 14
-25 14
-26 14
-23 15
-20 13
-23 16
-21 15
-26 12
-23 14
-20 16
-24 14
-25 15
-22 17
-22 16
-21 18
-17 20
-23 15
-24 18
-21 16
-22 13
-24 13
-20 17
-22 17
-21 18
-24 21
-22 21
-20 19
-24 16
-22 16
-21 16
-11 18
-18 27
-20 34
-18 38
-22 35
-24 26
-25 18
-20 16
-7 15
9 18
11 28
0 62
-17 99
-13 120
27 99
83 55
109 45
87 105
36 223
-18 327
-42 344
-42 268
-28 150
-20 65
-22 30
-20 38
-21 42
-25 39
-20 26
-18 21
-15 19
-10 18
-9 20
-17 22
-22 35
-25 45
-26 47
-21 40
-23 31
-18 22
-23 17
-22 18
-23 15
-18 17
-24 21
-22 20
-24 20
-21 19
-22 17
-21 15
-20 16
-24 16
-24 18
-26 21
-24 21
-26 22
-25 19
-22 17
-21 12
-25 16
-27 15
-23 15
-21 17
-29 17
-23 13
-23 16
-20 16
-19 14
-24 17
-22 15
-18 14
-21 14
-22 12
-20 14
-24 14
-24 15
-24 16
-24 18
-20 17
-23 20
-23 17
-21 15
-24 14
-23 16
-22 13
-24 14
-23 14
-20 15
-18 15
-20 16
-22 17
-26 15
-23 14
-22 11
-21 16
-19 18
-22 17
-22 19
-19 16
-27 18
-26 16
-21 17
-19 16
-16 18
-19 17
-20 21
-23 26
-26 23
-21 22
-21 19
-21 17
-26 15
-21 14
-21 16
-23 15
-24 15
-21 15
-23 15
-20 15
-22 16
-28 15
-23 17
-23 17
-23 17
-24 15
-24 18
-23 15
-28 17
-23 14
-25 16
-22 15
-24 15
-20 16
-26 14
-25 16
-22 14
-23 12
-21 15
-23 16
-22 16
-22 16
-23 15
-23 16
-20 15
-26 15
-25 16
-23 17
-23 14
-22 14
-21 16
-22 13
-26 15
-23 13
-20 14
-23 18
-24 16
-25 14
-23 12
-23 15
-25 14
-25 15
-22 14
-26 12
-24 14
-25 15
-25 13
-20 16
-24 15
-21 13
-24 14
-23 16
-21 13
-25 15
-26 14
-21 17
-22 15
-26 15
-25 15
-24 13
-24 14
-24 17
-24 15
-20 15
-21 15
-20 14
-22 14
-25 15
-24 13
-20 13
-25 16
-26 14
-22 16
-24 12
-25 17
-22 13
-21 16
-25 13
-23 15
-22 14
-22 14
-24 15
-25 16
-22 14
-18 15
-21 15
-23 13
-25 14
-24 14
-25 15
-23 13
-20 14
-26 13
-20 14
-25 14
-23 13
-25 13
-20 13
-25 16
-25 14
-28 12
-25 15
-22 16
-20 15
-24 14
-23 14
-25 17
-25 13
-22 15
-21 16
-24 13
-25 14
-23 13
-17 17
-20 16
-22 14
-20 15
-26 14
-22 15
-22 14
-24 13
-21 14
-27 16
-23 16
-25 14
-21 17
-25 13
-24 13
-25 14
-25 14
-23 13
-25 14
-22 14
-26 14
-26 15
-26 15
-23 16
-21 15
-24 15
-21 17
-22 15
-22 13
-23 14
-22 13
-20 16
-24 15
-23 14
-26 15
-24 15
-22 14
-25 14
-25 14
-24 14
-23 13
-20 17
-25 13
-27 14
-24 13
-24 15
-25 16
-25 16
-23 15
-23 13
-24 14
-26 13
-24 15
-23 16
-24 14
-20 14
-26 16
-25 12
-22 15
-21 14
-27 15
-24 16
-25 16
-23 11
-25 14
-22 13
-22 15
-23 14
-28 15
-23 14
-25 16
-26 14
-20 15
-23 13
-20 15
-20 14
-19 16
-21 14
-25 15
-22 12
-23 13
-23 17
-22 16
-21 16
-23 17
-24 13
-22 14
-23 13
-22 18
-24 15
-23 14
-23 17
-24 13
-24 15
-26 15
-24 15
-26 14
-25 14
-22 13
-26 13
-25 13
-26 13
-22 13
-24 15
-25 12
-26 14
-23 13
-25 15
-24 14
-27 13
-25 14
-26 15
-23 16
-26 14
-26 15
-27 14
-23 13
-21 15
-20 13
-25 16
-25 14
-23 15
-26 16
-23 13
-24 16
-24 13
-24 14
-23 15
-20 14
-25 14
-21 15
-23 15
-25 13
-22 15
-24 15
-26 15
-25 14
-27 15
-26 15
-26 15
-23 15
-24 12
-23 13
-28 14
-25 13
-24 15
-23 15
-24 15
-22 14
-26 12
-24 14
-22 13
-25 15
-23 16
-23 16
-24 17
-26 13
-20 13
-27 16
-21 15
-20 14
-25 12
-24 17
-23 13
-20 15
-21 14
-24 12
-25 13
-26 14
-24 17
-23 15
-24 15
-27 17
-23 14
-25 16
-27 15
-24 16
-22 12
-26 15
-24 15
-25 14
-23 14
-23 14
-21 12
-24 15
-22 13
-25 15
-24 13
-25 15
-25 17
-23 13
-25 15
-25 13
-25 14
-25 13
-23 13
-25 14
-21 14
-22 16
-21 14
-27 16
-24 15
-22 12
-21 13
-25 16
-24 14
-22 15
-26 14
-23 12
-23 17
-20 15
-25 16
-23 15
-19 14
-24 17
-26 13
-27 14
-23 16
-24 12
-20 16
-25 13
-19 15
-29 15
-21 16
-21 14
-23 14
-19 15
-22 13
-26 15
-24 15
-24 14
-23 14
-23 14
-27 15
-25 16
-23 13
-23 13
-23 15
-21 16
-24 16
-23 13
-26 18
-23 13
-22 14
-24 14
-23 15
-27 14
-26 15
-23 16
-24 14
-26 14
-25 14
-24 14
-25 14
-28 15
-27 16
-22 13
-27 15
-27 13
-20 16
-23 15
-22 12
-26 15
-25 15
-24 15
-20 15
-26 14
-25 15
-23 13
-23 12
-23 13
-23 14
-23 13
-23 16
-21 14
-26 13
-23 16
-24 15
-24 13
-25 16
-24 12
-20 16
-24 17
-24 15
-25 15
-21 15
-25 16
-21 14
-24 15
-26 15
-26 15
-22 14
-24 15
-25 15
-25 15
-21 15
-23 15
-22 15
-23 14
-28 14
-25 13
-20 15
-23 13
-21 13
-20 17
-25 16
-22 14
-24 17
-24 15
-26 14
-25 15
-22 15
-22 17
-22 14
-21 15
-25 15
-23 11
-23 14
-26 14
-29 17
-29 15
-26 14
-23 14
-20 15
-27 14
-25 14
-23 17
-23 14
-24 16
-22 13
-26 18
-24 14
-23 14
-28 14
-27 14
-24 17
-24 15
-25 13
-21 14
-24 14
-19 17
-21 17
-25 14
-22 12
-22 17
-22 18
-23 16
-25 15
-19 16
-25 15
-24 15
-19 16
-25 15
-25 14
-26 17
-23 13
-25 17
-29 16
-25 15
-24 14
-25 13
-22 16
-23 13
-20 16
-25 14
-23 18
-24 14
-23 13
-21 13
-19 17
-23 15
-25 12
-27 15
-23 18
-25 13
-18 14
-22 15
-23 15
-22 14
-23 17
-27 15
-22 13
-21 17
-24 16
-24 14
-21 15
-27 14
-19 15
-24 13
-20 12
-26 11
-24 14
-24 13
-26 14
-20 19
-24 14
-24 16
-29 17
-23 14
-24 15
-21 16
-24 16
-22 14
-20 13
-26 15
-26 13
-23 13
-23 18
-23 16
-25 13
-25 16
-23 17
-28 15
-23 16
-25 13
-23 14
-23 18
-23 12
-25 15
-21 14
-23 14
-27 16
-24 15
-26 15
-24 15
-24 14
-25 15
-26 15
-24 14
-21 15
-24 17
-21 14
-23 13
-27 12
-22 13
-24 16
-27 15
-23 15
-24 16
-24 14
-26 18
-22 14
-24 18
-27 15
-24 16
-24 15
-19 16
-27 14
-22 15
-22 14
-20 14
-26 14
-25 17
-24 11
-25 16
-22 17
-23 13
-22 12
-18 14
-27 14
-24 15
-25 16
-22 13
-22 16
-24 15
-23 15
-19 17
-25 14
-22 16
-25 13
-25 15
-25 14
-25 15
-25 17
-21 12
-26 17
-23 14
-26 13
-22 15
-23 16
-23 16
-26 15
-26 16
-21 16
-25 12
-24 17
-25 13
-22 15
-25 15
-25 15
-21 16
-26 14
-20 17
-26 13
-21 17
-21 18
-25 14
-25 16
-25 16
-24 15
-27 14
-21 14
-24 17
-27 17
-26 16
-27 17
-19 15
-25 13
-23 13
-29 16
-23 14
-22 13
-23 15
-22 14
-26 16
-23 14
-26 17
-25 16
-24 16
-23 15
-25 16
-22 15
-23 15
-24 17
-24 17
-24 15
-26 15
-22 16
-23 18
-25 16
-25 16
-26 16
-24 18
-23 16
-24 13
-26 15
-30 14
-28 14
-23 14
-22 17
-23 15
-24 14
-24 18
-22 15
-23 17
-24 14
-22 13
-26 17
-27 16
-22 16
-23 15
-23 16
-23 15
-24 18
-22 17
-30 15
-26 16
-25 14
-25 13
-25 15
-23 13
-21 14
-27 15
-27 17
-21 18
-26 16
-24 17
-21 16
-23 16
-24 14
-22 18
-25 18
-22 15
-24 17
-22 16
-21 16
-28 15
-24 14
-27 18
-23 14
-19 17
-22 16
-26 13
-21 17
-22 15
-21 15
-21 15
-27 19
-26 19
-26 14
-24 16
-22 16
-26 18
-26 15
-22 16
-23 17
-23 14
-22 15
-24 15
-27 17
-22 15
-21 15
-23 16
-24 17
-21 17
-24 17
-25 17
-28 18
-23 18
-23 17
-25 16
-26 16
-19 16
-25 16
-21 15
-25 13
-24 19
-21 13
-27 17
-27 16
-26 13
-24 16
-24 16
-22 18
-25 18
-26 16
-24 13
-24 16
-22 17
-26 16
-25 17
-23 16
-24 15
-25 15
-25 16
-23 16
-25 17
-23 19
-26 18
-28 17
-25 16
-22 15
-25 16
-29 16
-21 17
-22 16
-24 16
-22 15
-20 14
-24 18
-26 17
-25 17
-26 18
-23 15
-21 15
-24 16
-27 15
-20 18
-21 15
-23 16
-24 15
-26 17
-25 16
-25 14
-21 14
-18 17
-28 17
-29 17
-22 16
-25 18
-23 17
-24 18
-22 15
-23 17
-25 14
