-2.58000000000000 3.66000000000000
-1.50000000000000 0.620000000000001
-3.39261293638338 2.15388667191452
-4.00163317121432 0.448630014387880
-1.07833604402580 -1.05361989819511
-0.509917158183587 -3.36789679055269
0.00000000000000 -6.00000000000000
0.505116566534649 -8.40246406515514
2.25098938230104 11.3740891792774
3.94743054575772 22.2153114428469
5.09977185607622 12.9664229822452
7.02997414788856 -7.90954648706817
7.87066785756061 -3.35578889301124
8.92153499465067 1.19796870104569
9.76222870432272 2.80929831125045
10.5328646048554 1.89854679243907
11.4436161236668 -0.973823382273766
11.6537895510848 -2.44503737419985
13.3351769704289 0.287217182234307